<?xml version="1.0"?>
<opencv_storage>
<CornersAmount>48</CornersAmount>
<Corner_0>
  344 343</Corner_0>
<Corner_1>
  334 346</Corner_1>
<Corner_2>
  324 350</Corner_2>
<Corner_3>
  315 353</Corner_3>
<Corner_4>
  305 357</Corner_4>
<Corner_5>
  296 360</Corner_5>
<Corner_6>
  286 364</Corner_6>
<Corner_7>
  277 368</Corner_7>
<Corner_8>
  334 340</Corner_8>
<Corner_9>
  324 343</Corner_9>
<Corner_10>
  314 346</Corner_10>
<Corner_11>
  305 350</Corner_11>
<Corner_12>
  295 353</Corner_12>
<Corner_13>
  286 357</Corner_13>
<Corner_14>
  276 360</Corner_14>
<Corner_15>
  267 364</Corner_15>
<Corner_16>
  325 338</Corner_16>
<Corner_17>
  315 341</Corner_17>
<Corner_18>
  305 344</Corner_18>
<Corner_19>
  296 347</Corner_19>
<Corner_20>
  286 350</Corner_20>
<Corner_21>
  277 353</Corner_21>
<Corner_22>
  267 356</Corner_22>
<Corner_23>
  258 360</Corner_23>
<Corner_24>
  316 335</Corner_24>
<Corner_25>
  306 338</Corner_25>
<Corner_26>
  296 341</Corner_26>
<Corner_27>
  287 344</Corner_27>
<Corner_28>
  277 347</Corner_28>
<Corner_29>
  268 350</Corner_29>
<Corner_30>
  258 353</Corner_30>
<Corner_31>
  249 357</Corner_31>
<Corner_32>
  307 333</Corner_32>
<Corner_33>
  297 335</Corner_33>
<Corner_34>
  287 338</Corner_34>
<Corner_35>
  278 341</Corner_35>
<Corner_36>
  268 344</Corner_36>
<Corner_37>
  259 347</Corner_37>
<Corner_38>
  249 350</Corner_38>
<Corner_39>
  240 353</Corner_39>
<Corner_40>
  298 331</Corner_40>
<Corner_41>
  288 333</Corner_41>
<Corner_42>
  278 336</Corner_42>
<Corner_43>
  269 339</Corner_43>
<Corner_44>
  259 341</Corner_44>
<Corner_45>
  250 344</Corner_45>
<Corner_46>
  240 347</Corner_46>
<Corner_47>
  231 350</Corner_47>
</opencv_storage>
