<?xml version="1.0"?>
<opencv_storage>
<CornersAmount>48</CornersAmount>
<Corner_0>
  231 351</Corner_0>
<Corner_1>
  240 348</Corner_1>
<Corner_2>
  249 345</Corner_2>
<Corner_3>
  259 342</Corner_3>
<Corner_4>
  268 339</Corner_4>
<Corner_5>
  278 336</Corner_5>
<Corner_6>
  287 333</Corner_6>
<Corner_7>
  297 331</Corner_7>
<Corner_8>
  240 354</Corner_8>
<Corner_9>
  249 351</Corner_9>
<Corner_10>
  258 348</Corner_10>
<Corner_11>
  268 345</Corner_11>
<Corner_12>
  277 342</Corner_12>
<Corner_13>
  287 339</Corner_13>
<Corner_14>
  296 336</Corner_14>
<Corner_15>
  306 333</Corner_15>
<Corner_16>
  249 357</Corner_16>
<Corner_17>
  258 353</Corner_17>
<Corner_18>
  268 350</Corner_18>
<Corner_19>
  277 347</Corner_19>
<Corner_20>
  287 344</Corner_20>
<Corner_21>
  296 341</Corner_21>
<Corner_22>
  306 338</Corner_22>
<Corner_23>
  316 335</Corner_23>
<Corner_24>
  259 361</Corner_24>
<Corner_25>
  268 357</Corner_25>
<Corner_26>
  277 354</Corner_26>
<Corner_27>
  287 351</Corner_27>
<Corner_28>
  296 347</Corner_28>
<Corner_29>
  306 344</Corner_29>
<Corner_30>
  315 341</Corner_30>
<Corner_31>
  325 338</Corner_31>
<Corner_32>
  268 364</Corner_32>
<Corner_33>
  277 360</Corner_33>
<Corner_34>
  287 357</Corner_34>
<Corner_35>
  296 353</Corner_35>
<Corner_36>
  306 350</Corner_36>
<Corner_37>
  315 346</Corner_37>
<Corner_38>
  325 343</Corner_38>
<Corner_39>
  335 340</Corner_39>
<Corner_40>
  278 368</Corner_40>
<Corner_41>
  287 364</Corner_41>
<Corner_42>
  297 360</Corner_42>
<Corner_43>
  306 357</Corner_43>
<Corner_44>
  316 353</Corner_44>
<Corner_45>
  325 350</Corner_45>
<Corner_46>
  335 346</Corner_46>
<Corner_47>
  345 343</Corner_47>
</opencv_storage>
