<?xml version="1.0"?>
<opencv_storage>
<calibration_time>"Fri Feb 25 17:55:21 2022"</calibration_time>
<nr_of_frames>20</nr_of_frames>
<image_width>644</image_width>
<image_height>486</image_height>
<board_width>8</board_width>
<board_height>6</board_height>
<square_size>50.</square_size>
<!-- flags: +zero_tangent_dist +fix_k4 +fix_k5 -->
<flags>6152</flags>
<fisheye_model>0</fisheye_model>
<camera_matrix type_id="opencv-matrix">
  <rows>3</rows>
  <cols>3</cols>
  <dt>d</dt>
  <data>
    4.9019140468132451e+02 0. 3.2264088303385626e+02 0.
    4.8904660404707789e+02 2.3555494768411833e+02 0. 0. 1.</data></camera_matrix>
<distortion_coefficients type_id="opencv-matrix">
  <rows>5</rows>
  <cols>1</cols>
  <dt>d</dt>
  <data>
    -3.5649600733231129e-01 1.6222865351787438e-01 0. 0.
    -3.6138605658506996e-02</data></distortion_coefficients>
<avg_reprojection_error>3.5443198781389962e-01</avg_reprojection_error>
<per_view_reprojection_errors type_id="opencv-matrix">
  <rows>20</rows>
  <cols>1</cols>
  <dt>f</dt>
  <data>
    2.16891542e-01 1.76584020e-01 1.84467256e-01 1.67118251e-01
    5.28237641e-01 1.22402072e+00 1.35307521e-01 1.50991797e-01
    1.47264212e-01 1.56899959e-01 1.55131072e-01 2.14726850e-01
    3.24432492e-01 1.44780189e-01 2.03286693e-01 1.77468553e-01
    2.33689368e-01 3.26063126e-01 1.83157131e-01 2.09526643e-01</data></per_view_reprojection_errors>
<!-- a set of 6-tuples (rotation vector + translation vector) for each view -->
<extrinsic_parameters type_id="opencv-matrix">
  <rows>20</rows>
  <cols>6</cols>
  <dt>d</dt>
  <data>
    -1.4133952773190367e-01 -2.6224059380212456e-01
    1.4117183639251103e+00 -7.1471248660952478e+00
    -1.5778382599619820e+02 5.1695821932485092e+02
    2.3626841242166696e-01 -9.5398601720758314e-02
    -1.5238622041562275e+00 -2.5713500674912643e+02
    2.3065105942436267e+02 4.5051469294614890e+02
    -2.1801510574910232e-01 -5.3109930720029799e-02
    1.4400113687870941e+00 9.6152731600775851e+00
    -1.7464531970131245e+02 5.8882125551052070e+02
    1.7045770067333441e-01 1.4927019434079131e-01 1.4699425930013086e+00
    -5.0420660398662847e+01 -1.5746013733045254e+02
    6.6615422134542644e+02 -1.8367837674303933e-01
    2.3054327724480583e-01 1.2576516691425697e+00
    -1.1324488292441364e+02 -1.4551638106477978e+02
    7.5212026687963987e+02 -3.6944136998816690e-01
    2.2689125263864088e-01 1.2046100537900393e+00 3.6947134469538511e+01
    -1.4363362321694547e+02 8.0008928343659136e+02
    1.0842279633365694e-01 -3.8051168911640662e-02
    1.5940293680132507e+00 3.7360380579850988e+02
    -1.3367020376385054e+02 6.9300537253413597e+02
    5.1218370720326079e-01 4.1159442697344684e-01 1.3936393012394079e+00
    3.4069652116868690e+02 -1.4819348738627392e+02
    6.1644684054788740e+02 -9.5913846241474740e-02
    -1.8167128630236970e-01 1.3707506082904635e+00
    3.3058723759077031e+02 -1.0952451396608652e+02
    6.7596058688078699e+02 -1.1175722763243594e-02
    -6.7232686669879416e-02 1.2896708482149908e+00
    2.8321526025948447e+02 -3.3584446271512633e+02
    7.0926130281766109e+02 2.5242808952087104e-01
    -7.6358460941951534e-02 1.4349833164557912e+00
    2.6368179516767998e+02 -2.2405173095856719e+02
    6.0550883420725756e+02 6.6802552448624908e-01
    -5.3456515845766661e-01 1.3726734548267312e+00
    2.5232446291875632e+02 -1.8264063460727874e+02
    4.7433774529667238e+02 6.9994258605599402e-01
    -6.8036785696991731e-01 1.3187146988672445e+00
    2.5105027939495267e+02 -1.4154179878263582e+02
    4.4219838053498745e+02 9.2604208386338586e-03
    -1.8827997427934774e-02 1.4258981328832634e+00
    2.7211412977357298e+02 -2.5920017662115890e+02
    7.5356578953906080e+02 -2.9489286810532356e-01
    9.8221658482044019e-02 1.2515897880989111e+00 2.6329061281720957e+01
    -2.2925844975959768e+02 7.6854476244896864e+02
    -2.2574016356189713e-01 -1.7432028634433991e-01
    1.4739267151755149e+00 -4.8977980510388832e+01
    -1.9558078547927704e+02 6.3963557056021421e+02
    3.3244553186398257e-01 -7.4152444888352953e-01
    1.5824727482214398e+00 1.2311251884960829e+01
    -1.8685343699916189e+02 4.3557365279206550e+02
    8.0289122902882892e-01 3.3888487802439826e-01
    -1.3133331423765504e+00 -2.9251439919396211e+02
    1.7154629235554106e+02 5.6581745848332389e+02
    -1.7491858163846516e-01 -3.1237379462451820e-01
    1.4659352600058446e+00 -4.5508409244913786e+01
    -1.3340280462030805e+02 5.8314186879507463e+02
    -4.2248703202163847e-02 -2.3804637075650295e-01
    -1.4295790416862253e+00 6.1838486836127771e+01
    1.5090359579799767e+02 5.2657077594740042e+02</data></extrinsic_parameters>
