<?xml version="1.0"?>
<opencv_storage>
<calibration_time>"Thu Feb 17 18:31:25 2022"</calibration_time>
<nr_of_frames>26</nr_of_frames>
<image_width>640</image_width>
<image_height>480</image_height>
<board_width>9</board_width>
<board_height>6</board_height>
<square_size>50.</square_size>
<fix_aspect_ratio>1.</fix_aspect_ratio>
<!-- flags: +fix_aspectRatio +fix_principal_point +zero_tangent_dist +fix_k4 +fix_k5 -->
<flags>6158</flags>
<fisheye_model>0</fisheye_model>
<camera_matrix type_id="opencv-matrix">
  <rows>3</rows>
  <cols>3</cols>
  <dt>d</dt>
  <data>
    6.2570611263917340e+02 0. 3.1950000000000000e+02 0.
    6.2570611263917340e+02 2.3950000000000000e+02 0. 0. 1.</data></camera_matrix>
<distortion_coefficients type_id="opencv-matrix">
  <rows>5</rows>
  <cols>1</cols>
  <dt>d</dt>
  <data>
    -4.7850390091824811e-02 1.2634278669666563e+00 0. 0.
    -5.5094438392225120e+00</data></distortion_coefficients>
<avg_reprojection_error>1.9380456402966402e+00</avg_reprojection_error>
<per_view_reprojection_errors type_id="opencv-matrix">
  <rows>26</rows>
  <cols>1</cols>
  <dt>f</dt>
  <data>
    4.66497898e+00 3.65210205e-01 7.89599299e-01 3.53230095e+00
    6.07146084e-01 4.63367403e-01 1.13263535e+00 9.43185449e-01
    2.84552515e-01 3.90687168e-01 1.55651069e+00 2.89158702e-01
    2.00167164e-01 3.58785510e-01 3.87009412e-01 6.60131097e-01
    6.55211747e-01 3.95829678e-01 5.40317440e+00 4.82275581e+00
    7.23053217e-01 1.33811378e+00 7.04170406e-01 3.75738144e-01
    3.87887478e-01 5.19939125e-01</data></per_view_reprojection_errors>
<!-- a set of 6-tuples (rotation vector + translation vector) for each view -->
<extrinsic_parameters type_id="opencv-matrix">
  <rows>26</rows>
  <cols>6</cols>
  <dt>d</dt>
  <data>
    2.0031560044439134e-01 6.2209345415781647e-01 8.3962528909665779e-01
    -5.6390695996415559e+02 -5.7940220853172384e+01
    1.5682840105663709e+03 -1.0692121804968335e-01
    -2.6422925850430296e-01 -3.7732417644385063e-01
    -3.8530709977509554e+02 3.6658585363606647e+01
    1.1604480895570493e+03 -6.4477991323088935e-01
    -3.1964422914405988e-01 2.5444943772007406e-01
    -2.2370555917194363e+02 -2.5686913825710963e+02
    1.1789345502465324e+03 -7.3199351793817380e-01
    -7.9696316227422259e-01 -4.0607509723582541e-01
    -1.2159956630857027e+02 3.0259524150232426e+01
    1.1498555537972479e+03 -4.3454337239590662e-01
    -4.4194540370373725e-01 -8.7855326119728790e-03
    1.7775765026019045e+02 3.8842098007754849e+01 1.3600956073589703e+03
    -1.7133204158066867e-01 3.8198616902960919e-01
    5.9485599973768497e-02 -1.9171560693467978e+02
    -8.4943563367726881e+01 1.2612596047893107e+03
    -1.0294145942029802e+00 7.0623895591034672e-02
    -9.8642611436750863e-02 -1.8751422898263337e+02
    1.9143450925722033e+02 1.3792701864090227e+03
    -6.5981946557394622e-01 2.0667451403992410e-01
    -3.0044446396703106e-01 -7.0509708814332285e+01
    -2.2564358020557171e+02 1.2408375781825887e+03
    -6.2403148482100018e-02 -1.1972294312159321e-01
    -1.5949108284169100e+00 1.0787977360709588e+02
    2.6888737222898061e+02 1.1721397345503460e+03 1.5948676597520561e-01
    -3.6385439434914353e-02 -2.2920438819194491e+00
    2.9402454376826091e+02 3.2696971245781401e+02 1.2634943412038197e+03
    -8.0298683466795773e-01 4.9562160621544188e-01
    -7.2224761372949053e-01 -1.9274295924559200e+02
    1.6640661166109302e+02 1.5404237513303110e+03
    -3.4253610023951625e-01 1.7371105279657132e-02
    2.4718916269212343e-01 -5.8238723062444706e+02
    -1.2338599120925556e+02 2.0178874921238998e+03
    -3.2823818599207487e-02 5.1286791760886540e-02
    2.9763073337772465e+00 3.8597382884612699e+02
    -2.0660835140999006e+02 1.8977692499180707e+03
    -4.1486060872376318e-01 -1.8971977559962680e-01
    2.2311312135496513e+00 2.5675780361285672e+02
    -3.6885429789159093e+02 1.8317194012179830e+03
    -3.3019904990755916e-01 -1.5739794744047436e-02
    -3.7239081066746910e-01 -5.4991698238543586e+02
    1.1134486592860661e+02 1.4383238973314803e+03
    -1.9747822934979886e-01 -4.4645678203110867e-01
    -8.5572792056219801e-02 1.0107799811618129e+02
    -3.6758815896073099e+02 1.3041191587669343e+03
    -1.8696161033400527e-01 3.8789278754038758e-01
    6.6819893990983176e-02 -5.0100776127120946e+02
    -3.2172788179459167e+02 1.4660963621982851e+03
    -4.0006843803607350e-01 -2.1230432961208648e-02
    8.1390446515964984e-02 6.0969751457382351e+01 9.8749613180244125e+01
    1.3801526877241424e+03 -1.0974440955999094e+00
    -1.6240398585062088e-01 -1.0534751805490096e-01
    -3.0552667109233568e+01 1.8341438371882700e+02
    1.5710798785696870e+03 -8.5618664233309910e-02
    -1.5687075850208709e+00 2.0325022736347949e+00
    4.2942939003173831e+02 -2.7542853084548250e+02
    1.3534720008960728e+03 -9.0149663360773036e-01
    -2.4153366437587739e-01 2.2864682718047091e+00
    -2.1504041521303378e+01 -5.0474469707896944e+01
    1.2152678315669291e+03 -8.7737545391325578e-01
    -6.1597732056594456e-01 1.7415584893744778e+00
    2.2254933087379050e+02 -1.3882975475607668e+02
    1.0496965838379585e+03 4.7693518160535620e-01 4.8785915327316032e-01
    1.9453175801816158e+00 1.9725673611991093e+02
    -1.7768073035208525e+02 1.0169459814081705e+03
    -4.3407650023135497e-01 -4.6339444337829805e-01
    2.5721396988865139e+00 1.6395394005360740e+02
    -1.0497642766996371e+02 1.6563294817262240e+03
    1.6173791580765548e-01 3.3660651625748189e-01
    -2.4806582857908497e+00 4.4503137269116945e+02
    1.2868939201075258e+02 1.5293033308733191e+03
    -5.7493635838508994e-01 3.3510879262316673e-03
    2.4427525058304793e+00 5.6892399241594683e+02 5.5887293442075695e+01
    1.6436631642488862e+03</data></extrinsic_parameters>
