<?xml version="1.0"?>
<opencv_storage>
<calibration_time>"Wed Feb 23 14:42:51 2022"</calibration_time>
<nr_of_frames>31</nr_of_frames>
<image_width>640</image_width>
<image_height>480</image_height>
<board_width>9</board_width>
<board_height>6</board_height>
<square_size>2.4799999237060547e+01</square_size>
<!-- flags: +zero_tangent_dist +fix_k4 +fix_k5 -->
<flags>6152</flags>
<fisheye_model>0</fisheye_model>
<camera_matrix type_id="opencv-matrix">
  <rows>3</rows>
  <cols>3</cols>
  <dt>d</dt>
  <data>
    6.5200217039237964e+02 0. 3.3049247084103479e+02 0.
    6.4726428733621697e+02 2.3828596290127231e+02 0. 0. 1.</data></camera_matrix>
<distortion_coefficients type_id="opencv-matrix">
  <rows>5</rows>
  <cols>1</cols>
  <dt>d</dt>
  <data>
    4.3714596149954502e-02 -1.1347416663495924e-01 0. 0.
    1.9257787857549910e-01</data></distortion_coefficients>
<avg_reprojection_error>5.1639633327439904e-01</avg_reprojection_error>
<per_view_reprojection_errors type_id="opencv-matrix">
  <rows>31</rows>
  <cols>1</cols>
  <dt>f</dt>
  <data>
    1.92444861e-01 2.35360220e-01 4.68926042e-01 3.10048461e-01
    4.07607853e-01 8.78269434e-01 5.34955621e-01 4.68267769e-01
    5.87171733e-01 3.93100441e-01 8.08580279e-01 4.81772035e-01
    7.36055434e-01 3.05231214e-01 2.89140254e-01 2.52606481e-01
    3.94763082e-01 3.94545645e-01 3.97556007e-01 8.11430514e-01
    5.39096951e-01 4.47130799e-01 3.81355196e-01 2.24863663e-01
    2.43995547e-01 7.25226939e-01 6.54657960e-01 4.37667906e-01
    4.43168014e-01 1.31573752e-01 1.00687921e+00</data></per_view_reprojection_errors>
<!-- a set of 6-tuples (rotation vector + translation vector) for each view -->
<extrinsic_parameters type_id="opencv-matrix">
  <rows>31</rows>
  <cols>6</cols>
  <dt>d</dt>
  <data>
    -9.1727869387125932e-02 2.7265626976703644e-01
    -1.2564652737811511e-02 1.8639517576123676e+01
    -5.2449743321271399e+01 6.0307369431391089e+02
    -2.1797153702797334e-01 -1.3505293989339340e-01
    4.3325527622178200e-02 -1.4009995955547615e+02
    -8.3871050482892304e+00 5.2426030428281206e+02
    -2.5059852801059801e-01 -1.6816687670894492e-01
    -4.1226360456774769e-01 -1.1386030719534531e+02
    -5.0233147614380499e+01 4.9804673970329759e+02
    -1.2321361318770631e-01 -1.4288762440948327e-01
    2.2739511928293057e-01 -1.2927915113539606e+02
    -1.0714488260132744e+02 4.7593218926662001e+02
    -1.4579261847921893e-01 -2.5577837468561010e-01
    4.0118027029421445e-02 -4.4406465248090640e+01
    3.2068454185818061e+00 5.2066347407663443e+02
    -5.9513587111530641e-01 -4.3615598455295540e-01
    -8.4529706556551593e-02 -3.7775687195230866e+01
    -1.2336565201089630e+02 5.3645824317058214e+02
    -2.0650186022512002e-01 3.2711460162233497e-01
    -7.5908035600930944e-03 -1.8173769693517164e+02
    -1.1223726823002920e+02 6.2402179181286044e+02
    -4.4708483648753539e-01 1.1234335653450464e-01
    -1.7489419579781745e-01 -2.0451717193638314e+02
    3.0740778091485616e+01 5.9861717833918840e+02
    -7.6450018303337841e-01 -2.3469764655728154e-01
    -2.3107626968300868e-01 -1.3399638134356252e+02
    7.6048749651542323e+01 7.8188903882951490e+02
    -4.7786431071938945e-01 -6.1218398048307608e-02
    1.0606712296783326e-01 -2.6243799225013782e+02
    -9.1264493214036477e+00 7.1583935512842538e+02
    -4.6539820650311525e-01 -4.9712032151521590e-01
    -3.9022796148963462e-01 4.1875580282240968e+01
    5.8376907084875768e+01 7.4419940934578574e+02
    -3.0267080933656415e-01 -2.5315796816775421e-01
    -2.3393361394915710e-01 7.1356060452543417e+01
    -1.9301168823825986e+02 7.9437511194065621e+02
    -6.8482981199714776e-01 -4.8187373201611310e-02
    -8.6361224915505935e-02 -2.0596776312124516e+02
    -1.9064023655825048e+02 7.1505108758267659e+02
    1.9319375471729375e-01 1.3079828072585836e-01 3.1337952473728387e-01
    -3.4488331154876533e+01 3.6570090014014518e+01
    7.5802509568168716e+02 -1.4947504946743759e-01
    -2.1180026641416973e-02 -3.0390820235523913e-01
    -2.8533431701432431e+02 1.0651220350135495e+02
    7.2037242177563007e+02 -2.4124749437662368e-01
    -7.9031030835815547e-03 -2.1037798187696904e-01
    -2.8208109335666489e+02 8.5879226176205393e+01
    7.4749818992409917e+02 -1.4313682811065634e-01
    -3.4694455155410864e-01 -9.7187283392916227e-02
    -1.9757961369263006e+02 -1.5785359409293190e+02
    5.5555214007997449e+02 -1.4292246712453094e-01
    -3.4929661872549128e-01 -9.8820484882374979e-02
    -1.9813909590351457e+02 -1.5751959072869866e+02
    5.5541584740760334e+02 -2.1305314914273754e-01
    -9.6367766344824579e-02 2.9400972658296759e-01
    9.0678041899738218e+01 -2.4154140927710543e+02
    7.8701669320039264e+02 -3.7868787738891385e-01
    -8.6285327395463296e-01 3.1462831338140645e-01
    -1.6721317626769132e+02 -1.3367830786490666e+02
    6.2487724570063529e+02 -2.2429656289325906e-02
    4.7455714262983845e-01 4.4661921526967502e-01
    -7.9110107127573627e+01 -6.5906864010387423e+01
    5.3803312219860720e+02 -7.2376494170235686e-02
    -3.3325914440666499e-01 -1.2922678136283747e-01
    3.1489408040956221e+01 -6.6365326276849515e+01
    6.4468260359262035e+02 -2.3199986913406093e-01
    1.0456155013807396e-01 2.9290575694781201e-01
    -1.7504806363264657e+02 -1.3887343038132499e+02
    6.4840600433980023e+02 -3.7432490034663896e-02
    -4.8036166749523761e-02 -1.2620360319734378e-02
    -1.1136076339660387e+02 -6.6027969019987395e+01
    4.6182350178380574e+02 -4.6654575401269211e-03
    -4.6293202731118007e-03 2.1443276359158228e-01
    -1.1836751448314953e+02 -7.7147205594445609e+01
    4.5155832660422192e+02 -6.4804579145009289e-01
    -9.8801505821706229e-02 -9.0588029631688844e-03
    -1.6589870645108527e+02 -5.3426561102738738e+01
    5.0217111101689437e+02 -4.8386430471755104e-01
    -2.1630974931889363e-01 -5.3194502257926024e-01
    -1.5895996121103784e+02 -2.9650974345981989e+01
    4.8848580226197856e+02 3.1874419792587433e-01
    -1.9461415720245098e-01 5.7087394702817956e-02
    -1.0854148397255828e+02 -7.0026326376039279e+01
    4.1529040311465161e+02 5.7310305065578430e-02
    -2.8591191426258716e-01 2.9943535710421565e-01
    -6.8750847028299191e+01 -9.1725093206344013e+01
    3.8862509942942125e+02 -8.4441912254441920e-02
    -3.1018669425734433e-02 -2.1540420527235229e-01
    -9.2273887547388540e+01 1.6705758179405606e+01
    7.4047274642238506e+02 -6.8317168332095890e-02
    -7.2752099313234908e-01 -9.9332882570247652e-02
    -1.0394440144285720e+02 -3.9784407753545963e+01
    4.0073564618600750e+02</data></extrinsic_parameters>
