<?xml version="1.0"?>
<opencv_storage>
<CornersAmount>48</CornersAmount>
<Corner_0>
  243 355</Corner_0>
<Corner_1>
  257 355</Corner_1>
<Corner_2>
  272 355</Corner_2>
<Corner_3>
  287 355</Corner_3>
<Corner_4>
  302 356</Corner_4>
<Corner_5>
  317 356</Corner_5>
<Corner_6>
  332 356</Corner_6>
<Corner_7>
  347 357</Corner_7>
<Corner_8>
  240 364</Corner_8>
<Corner_9>
  255 364</Corner_9>
<Corner_10>
  270 364</Corner_10>
<Corner_11>
  286 364</Corner_11>
<Corner_12>
  301 365</Corner_12>
<Corner_13>
  317 365</Corner_13>
<Corner_14>
  332 365</Corner_14>
<Corner_15>
  348 366</Corner_15>
<Corner_16>
  238 373</Corner_16>
<Corner_17>
  253 373</Corner_17>
<Corner_18>
  269 373</Corner_18>
<Corner_19>
  285 373</Corner_19>
<Corner_20>
  301 374</Corner_20>
<Corner_21>
  317 374</Corner_21>
<Corner_22>
  333 374</Corner_22>
<Corner_23>
  349 375</Corner_23>
<Corner_24>
  236 382</Corner_24>
<Corner_25>
  252 382</Corner_25>
<Corner_26>
  268 382</Corner_26>
<Corner_27>
  284 383</Corner_27>
<Corner_28>
  301 383</Corner_28>
<Corner_29>
  317 384</Corner_29>
<Corner_30>
  333 384</Corner_30>
<Corner_31>
  350 385</Corner_31>
<Corner_32>
  234 391</Corner_32>
<Corner_33>
  250 391</Corner_33>
<Corner_34>
  267 391</Corner_34>
<Corner_35>
  284 392</Corner_35>
<Corner_36>
  300 392</Corner_36>
<Corner_37>
  317 393</Corner_37>
<Corner_38>
  334 393</Corner_38>
<Corner_39>
  351 394</Corner_39>
<Corner_40>
  232 401</Corner_40>
<Corner_41>
  249 401</Corner_41>
<Corner_42>
  266 401</Corner_42>
<Corner_43>
  283 402</Corner_43>
<Corner_44>
  300 402</Corner_44>
<Corner_45>
  317 403</Corner_45>
<Corner_46>
  334 403</Corner_46>
<Corner_47>
  352 404</Corner_47>
</opencv_storage>
