<?xml version="1.0"?>
<opencv_storage>
<CornersAmount>48</CornersAmount>
<Corner_0>
  243 356</Corner_0>
<Corner_1>
  258 356</Corner_1>
<Corner_2>
  273 356</Corner_2>
<Corner_3>
  288 356</Corner_3>
<Corner_4>
  303 356</Corner_4>
<Corner_5>
  318 356</Corner_5>
<Corner_6>
  333 356</Corner_6>
<Corner_7>
  348 357</Corner_7>
<Corner_8>
  240 365</Corner_8>
<Corner_9>
  255 365</Corner_9>
<Corner_10>
  270 365</Corner_10>
<Corner_11>
  286 365</Corner_11>
<Corner_12>
  301 365</Corner_12>
<Corner_13>
  317 365</Corner_13>
<Corner_14>
  332 365</Corner_14>
<Corner_15>
  348 366</Corner_15>
<Corner_16>
  238 374</Corner_16>
<Corner_17>
  253 374</Corner_17>
<Corner_18>
  269 374</Corner_18>
<Corner_19>
  285 374</Corner_19>
<Corner_20>
  301 375</Corner_20>
<Corner_21>
  317 375</Corner_21>
<Corner_22>
  333 375</Corner_22>
<Corner_23>
  349 376</Corner_23>
<Corner_24>
  236 383</Corner_24>
<Corner_25>
  252 383</Corner_25>
<Corner_26>
  268 383</Corner_26>
<Corner_27>
  284 383</Corner_27>
<Corner_28>
  301 384</Corner_28>
<Corner_29>
  317 384</Corner_29>
<Corner_30>
  333 384</Corner_30>
<Corner_31>
  350 385</Corner_31>
<Corner_32>
  234 392</Corner_32>
<Corner_33>
  250 392</Corner_33>
<Corner_34>
  267 392</Corner_34>
<Corner_35>
  284 393</Corner_35>
<Corner_36>
  300 393</Corner_36>
<Corner_37>
  317 394</Corner_37>
<Corner_38>
  334 394</Corner_38>
<Corner_39>
  351 395</Corner_39>
<Corner_40>
  232 402</Corner_40>
<Corner_41>
  249 402</Corner_41>
<Corner_42>
  266 402</Corner_42>
<Corner_43>
  283 403</Corner_43>
<Corner_44>
  300 403</Corner_44>
<Corner_45>
  317 404</Corner_45>
<Corner_46>
  334 404</Corner_46>
<Corner_47>
  352 405</Corner_47>
</opencv_storage>
