<?xml version="1.0"?>
<opencv_storage>
<CornersAmount>48</CornersAmount>
<Corner_0>
  251 363</Corner_0>
<Corner_1>
  260 357</Corner_1>
<Corner_2>
  269 352</Corner_2>
<Corner_3>
  278 346</Corner_3>
<Corner_4>
  287 341</Corner_4>
<Corner_5>
  296 335</Corner_5>
<Corner_6>
  305 330</Corner_6>
<Corner_7>
  314 325</Corner_7>
<Corner_8>
  262 368</Corner_8>
<Corner_9>
  270 362</Corner_9>
<Corner_10>
  279 356</Corner_10>
<Corner_11>
  288 350</Corner_11>
<Corner_12>
  297 345</Corner_12>
<Corner_13>
  306 339</Corner_13>
<Corner_14>
  315 333</Corner_14>
<Corner_15>
  324 328</Corner_15>
<Corner_16>
  274 373</Corner_16>
<Corner_17>
  282 367</Corner_17>
<Corner_18>
  291 361</Corner_18>
<Corner_19>
  300 355</Corner_19>
<Corner_20>
  308 349</Corner_20>
<Corner_21>
  317 343</Corner_21>
<Corner_22>
  326 337</Corner_22>
<Corner_23>
  335 332</Corner_23>
<Corner_24>
  286 378</Corner_24>
<Corner_25>
  294 371</Corner_25>
<Corner_26>
  303 365</Corner_26>
<Corner_27>
  311 359</Corner_27>
<Corner_28>
  320 353</Corner_28>
<Corner_29>
  328 347</Corner_29>
<Corner_30>
  337 341</Corner_30>
<Corner_31>
  346 335</Corner_31>
<Corner_32>
  298 383</Corner_32>
<Corner_33>
  306 376</Corner_33>
<Corner_34>
  314 370</Corner_34>
<Corner_35>
  323 364</Corner_35>
<Corner_36>
  331 357</Corner_36>
<Corner_37>
  340 351</Corner_37>
<Corner_38>
  348 345</Corner_38>
<Corner_39>
  357 339</Corner_39>
<Corner_40>
  310 388</Corner_40>
<Corner_41>
  318 381</Corner_41>
<Corner_42>
  326 375</Corner_42>
<Corner_43>
  334 368</Corner_43>
<Corner_44>
  343 362</Corner_44>
<Corner_45>
  351 355</Corner_45>
<Corner_46>
  359 349</Corner_46>
<Corner_47>
  368 343</Corner_47>
</opencv_storage>
