<?xml version="1.0"?>
<opencv_storage>
<CameraMatrix type_id="opencv-matrix">
  <rows>3</rows>
  <cols>3</cols>
  <dt>d</dt>
  <data>
    4.9074987338201981e+02 0. 3.4344568855308148e+02 0.
    4.9306370664392921e+02 2.3828794865447583e+02 0. 0. 1.</data></CameraMatrix>
<DistortionCoeffs type_id="opencv-matrix">
  <rows>5</rows>
  <cols>1</cols>
  <dt>d</dt>
  <data>
    -3.7505942611891069e-01 2.1173057148857319e-01 0. 0.
    -7.2966886650446122e-02</data></DistortionCoeffs>
</opencv_storage>
