<?xml version="1.0"?>
<opencv_storage>
<positions type_id="opencv-matrix">
  <rows>2723</rows>
  <cols>1</cols>
  <dt>"2f"</dt>
  <data>
    -3.12270527e+01 -1.70666672e+02 -3.16144581e+01 -1.71026505e+02
    -3.18439026e+01 -1.71239029e+02 -3.16893215e+01 -1.71029129e+02
    -3.21545906e+01 -1.71285019e+02 -3.16908207e+01 -1.71285019e+02
    -3.18454094e+01 -1.70821259e+02 -3.15384636e+01 -1.71230774e+02
    -3.15317078e+01 -1.70926834e+02 -3.14602413e+01 -1.70872299e+02
    -3.14628296e+01 -1.71587540e+02 -3.15362320e+01 -1.70666672e+02
    -3.12307701e+01 -1.71230774e+02 -3.19228916e+01 -1.71180725e+02
    -3.13786411e+01 -1.71184464e+02 -3.16923084e+01 -1.70769241e+02
    -3.19232616e+01 -1.70820145e+02 -3.14602413e+01 -1.70255432e+02
    -3.15362320e+01 -1.70357483e+02 -3.15339813e+01 -1.69786407e+02
    -3.24615402e+01 -1.70153854e+02 -3.25397606e+01 -1.70563858e+02
    -3.20774841e+01 -1.69530273e+02 -3.24660187e+01 -1.69009705e+02 -32.
    -1.70252426e+02 -3.15362320e+01 -1.69893723e+02 -3.14576283e+01
    -1.68135605e+02 -3.03728828e+01 -1.67825668e+02 -2.98978100e+01
    -1.67085159e+02 -2.91331730e+01 -1.66585968e+02 -2.70531406e+01
    -1.66801926e+02 -2.59665890e+01 -1.66186157e+02 -2.69879532e+01
    -1.67787949e+02 -2.68830566e+01 -1.66491653e+02 -2.61472702e+01
    -1.65244659e+02 -2.48098774e+01 -1.64977783e+02 -2.41362534e+01
    -1.64749390e+02 -2.58522167e+01 -1.65832504e+02 -2.44658222e+01
    -1.68830383e+02 -2.35532990e+01 -1.67959381e+02 -2.40792084e+01
    -1.66653458e+02 -2.18947372e+01 -1.64884216e+02 -2.14432983e+01
    -1.60824738e+02 -2.18817482e+01 -1.58766068e+02 -2.11099472e+01
    -1.58827225e+02 -2.03045673e+01 -1.61299484e+02 -1.91675129e+01
    -160. -1.92167110e+01 -1.54067886e+02 -1.39636364e+01
    -1.47615585e+02 -1.60413437e+01 -1.41064606e+02 -1.16363640e+01
    -1.42222229e+02 -9.44529247e+00 -1.39725189e+02 -5.63325214e+00
    -1.37545242e+02 -5.62814045e+00 -1.36522614e+02 -1.39805830e+00
    -1.33126221e+02 -3.14496309e-01 -1.31302216e+02 2.52216744e+00
    -1.25793098e+02 7.96097565e+00 -128. 1.04867468e+01 -1.27228920e+02
    1.16812344e+01 -1.24709511e+02 2.08661804e+01 -1.25508514e+02
    2.25975323e+01 -1.21995064e+02 2.66799011e+01 -1.23235733e+02
    3.32621803e+01 -1.18051041e+02 4.02032318e+01 -1.13662819e+02
    4.65727692e+01 -1.08920189e+02 5.16751709e+01 -1.10180969e+02
    5.57948723e+01 -1.08606064e+02 64. -1.10370369e+02 7.47155914e+01
    -1.07449539e+02 8.06831436e+01 -1.09591011e+02 9.18137436e+01
    -1.04159645e+02 1.05926247e+02 -9.56529312e+01 4.94948120e+01
    2.17090674e+03 4.20213509e+01 2.17884692e+03 2.84931507e+01
    2.17939722e+03 1.69507637e+01 2.18002051e+03 9.03270245e+00
    2.18293970e+03 -1.34470778e+01 2.17923535e+03 -2.28990841e+01
    2.17805518e+03 -4.03797874e+01 2.18227271e+03 -5.50567703e+01
    2.18401172e+03 -6.64756470e+01 2.18296851e+03 -7.72254333e+01
    2.18478613e+03 -8.74316940e+01 2.18089600e+03 -9.83606567e+01
    2.17923486e+03 -1.04702927e+02 2.17537524e+03 -1.08961487e+02
    2.17676489e+03 -1.10985153e+02 2.17686353e+03 -1.05296089e+02
    2.17045801e+03 -1.06925774e+02 2.17004053e+03 -1.05643837e+02
    2.17293164e+03 -1.04207489e+02 2.17102002e+03 -1.10256554e+02
    2.16990894e+03 -1.05983284e+02 2.17100830e+03 -9.24125595e+01
    2.17379980e+03 -9.53450317e+01 2.17384790e+03 -8.77435150e+01
    2.17424121e+03 -8.30438995e+01 2.17350244e+03 -6.60680237e+01
    2.17861230e+03 -6.41120834e+01 2.17712085e+03 -5.47211876e+01
    2.18052051e+03 -5.57948723e+01 2.18150928e+03 -2.26863434e+02
    2.10506763e+03 -2.60938263e+02 2.09323462e+03 -7.87504730e+01
    2.18270483e+03 -8.14545441e+01 2.18293237e+03 -8.74623260e+01
    2.18408154e+03 -9.30441742e+01 2.18383936e+03 -1.51986176e+02
    1.38379272e+03 -3.60206360e+02 2.08606982e+03 -3.42864288e+02
    2.09842114e+03 -2.88216949e+02 2.11915918e+03 -1.38169250e+02
    1.37594470e+03 -1.30584824e+02 1.37036511e+03 -2.62596741e+02
    2.12773975e+03 -2.20750000e+02 2.14887500e+03 -1.95541504e+02
    2.16044287e+03 -1.77070984e+02 2.16561450e+03 -1.59857147e+02
    2.17528589e+03 -1.84246414e+02 2.16982349e+03 -1.66795883e+02
    2.17468042e+03 -1.85167755e+02 2.17376904e+03 -1.79147003e+02
    2.17653003e+03 -1.29667953e+02 1.72447876e+03 -1.83429794e+02
    2.17544702e+03 -1.85220337e+02 2.17274585e+03 -1.88920502e+02
    2.16743091e+03 -2.02926834e+02 2.16890454e+03 -2.05991348e+02
    2.16741113e+03 -2.15179962e+02 2.16404565e+03 -2.20526550e+02
    2.16003687e+03 -2.27555557e+02 2.15523560e+03 -2.32199554e+02
    2.15132886e+03 -2.39020416e+02 2.15147388e+03 -2.38805969e+02
    2.14829858e+03 -2.17333336e+01 1.29560010e+03 -1.47899170e+01
    1.29169751e+03 -2.60700562e+02 2.14984546e+03 6.78222229e+02
    6.00592590e+02 -1.34872482e+02 1.71885718e+03 -9.66037750e+00
    1.27178870e+03 -2.71549286e+02 2.14940845e+03 -2.75888885e+02
    2.14366675e+03 -2.81375793e+02 2.13798730e+03 -2.90293152e+02
    2.13920508e+03 -2.93315247e+02 2.12968140e+03 -3.07753082e+02
    2.12790137e+03 -3.15969269e+02 2.12006152e+03 -3.23920532e+02
    2.11793384e+03 -3.34769226e+02 2.10958887e+03 -3.46021973e+02
    2.10687598e+03 -3.65263153e+02 2.10126318e+03 -3.74564117e+02
    2.09487183e+03 3.67431458e+02 1.02058881e+03 -3.89231323e+02
    2.08495313e+03 -3.98751770e+02 2.07988647e+03 3.42524811e+02
    1.04958862e+03 -4.32481201e+02 2.06941357e+03 -4.47762085e+02
    2.06786621e+03 -4.72842896e+02 2.06195947e+03 -4.90969574e+02
    2.06357813e+03 -5.12265564e+02 2.05795850e+03 -5.18674805e+02
    2.05402051e+03 -5.32008545e+02 2.04827417e+03 -5.54229492e+02
    2.04786877e+03 -5.77700195e+02 2.04411389e+03 -5.91836365e+02
    2.03792224e+03 -6.07625000e+02 2.03775000e+03 -6.18149536e+02
    2.03468286e+03 -6.38826904e+02 2.03261926e+03 -6.52346436e+02
    2.02784253e+03 -6.67166321e+02 2.02499426e+03 -6.82534973e+02
    2.02258435e+03 -6.97236755e+02 2.02169861e+03 -7.06697327e+02
    2.02029114e+03 -7.18439758e+02 2.01642822e+03 -7.29893982e+02
    2.01351233e+03 -7.40473145e+02 2.00774194e+03 -7.55891907e+02
    2.00833972e+03 -7.65958740e+02 2.00069043e+03 -7.85625000e+02
    2.00025000e+03 -1.24762650e+02 8.91766541e+02 -8.06711609e+02
    1.99370789e+03 -8.17974243e+02 1.99060046e+03 -8.26624023e+02
    1.98745605e+03 -8.47457092e+02 1.98144507e+03 -8.49646057e+02
    1.97846912e+03 -8.53815247e+02 1.97795483e+03 -8.58933899e+02
    1.98066541e+03 -8.71816284e+02 1.97865552e+03 -8.89432312e+02
    1.98455896e+03 -8.98133362e+02 1.98493347e+03 -9.03852722e+02
    1.98753369e+03 -9.18809204e+02 1.98574414e+03 -9.27803650e+02
    1.98216760e+03 -9.40237183e+02 1.98151331e+03 -9.54863342e+02
    1.98344470e+03 -9.64486633e+02 1.97885364e+03 -9.80295959e+02
    1.97344604e+03 -9.92144836e+02 1.97574670e+03 -1.44727280e+02
    6.35030334e+02 -1.34375000e+02 6.17750000e+02 -1.30938126e+02
    6.11002014e+02 2.72343353e+02 1.73445496e+03 2.55612900e+02
    1.74554834e+03 2.41466675e+02 1.75893347e+03 2.14535202e+02
    1.78478870e+03 1.94633743e+02 1.79911108e+03 1.83092072e+02
    1.80748608e+03 1.60810120e+02 1.82643030e+03 1.46709671e+02
    1.83793542e+03 1.28543533e+02 1.84893433e+03 1.07968506e+02
    1.85940161e+03 9.53295212e+01 1.86709326e+03 7.85791473e+01
    1.87230884e+03 6.45614014e+01 1.88103870e+03 5.22568817e+01
    1.88970276e+03 4.06616554e+01 1.88775940e+03 2.55088959e+01
    1.89414941e+03 1.94878902e+01 1.89253979e+03 5.16923094e+00
    1.89870764e+03 -1.09650345e+01 1.90534265e+03 -1.71495152e+01
    1.89887378e+03 -3.54015732e+01 1.89933862e+03 -4.81523819e+01
    1.89513135e+03 -5.51544685e+01 1.89541455e+03 -7.35172424e+01
    1.88910339e+03 -8.87361908e+01 1.88518604e+03 -9.35275955e+01
    1.87337744e+03 -1.15654099e+02 1.87984033e+03 -1.28536682e+02
    1.86807544e+03 -1.38070389e+02 1.86527539e+03 -1.49796097e+02
    1.86016492e+03 -1.56849014e+02 1.85221887e+03 -1.68977386e+02
    1.84267883e+03 -1.87281113e+02 1.84066357e+03 -2.00590607e+02
