<?xml version="1.0"?>
<opencv_storage>
<positions type_id="opencv-matrix">
  <rows>2723</rows>
  <cols>1</cols>
  <dt>"2f"</dt>
  <data>
    4.82873306e+01 1.27934546e+03 9.52010193e+01 2.15786206e+03
    4.75494614e+01 1.27867981e+03 4.85082092e+01 1.27901184e+03
    4.91333008e+01 1.27835986e+03 4.85133209e+01 1.27812988e+03
    4.88057747e+01 1.27802917e+03 4.81674042e+01 1.27744092e+03
    4.82404289e+01 1.27732361e+03 4.69738007e+01 1.27721631e+03
    4.69827080e+01 1.27765112e+03 4.76617317e+01 1.27760962e+03
    4.74847069e+01 1.27719495e+03 4.79853096e+01 1.27722559e+03
    4.76710625e+01 1.27713879e+03 4.68850060e+01 1.27661292e+03
    4.70596199e+01 1.27701465e+03 4.84336510e+01 1.27735010e+03
    4.69426460e+01 1.27672986e+03 4.67881279e+01 1.27723096e+03
    4.82117882e+01 1.27747656e+03 4.89545441e+01 1.27749878e+03
    4.77361412e+01 1.27642419e+03 4.91611023e+01 1.27706921e+03
    4.92409554e+01 1.27643103e+03 4.76962090e+01 1.27629980e+03
    5.01378746e+01 1.27687988e+03 4.95027504e+01 1.27699268e+03
    4.87215843e+01 1.27670129e+03 1.33289795e+02 2.04969971e+03
    1.31963364e+02 2.05148315e+03 1.32094376e+02 2.05130664e+03
    1.31779282e+02 2.05211548e+03 1.31990891e+02 2.05288818e+03
    1.31571106e+02 2.05268677e+03 1.32284317e+02 2054. 1.33181213e+02
    2.05466138e+03 1.31643539e+02 2.05576318e+03 1.31681305e+02
    2.05699731e+03 1.32181580e+02 2.05783838e+03 1.31268127e+02
    2.05929468e+03 1.32928604e+02 2.06127979e+03 1.32400314e+02
    2.06217944e+03 1.31019348e+02 2.06435864e+03 1.28680328e+02
    2.06779785e+03 1.27862038e+02 2.06802197e+03 1.27877319e+02
    2.07063599e+03 1.24634148e+02 2.07411475e+03 1.24322540e+02
    2.07651709e+03 1.23347237e+02 2.07855371e+03 1.23517006e+02
    2.08091333e+03 1.21823456e+02 2.08404565e+03 1.21018379e+02
    2.08646045e+03 1.17688004e+02 2.09257739e+03 1.16864647e+02
    2.09567676e+03 1.13031166e+02 2.09930127e+03 1.11138786e+02
    2.10375024e+03 1.09737953e+02 2.10757983e+03 1.07877411e+02
    2.11018091e+03 1.04974586e+02 2.11617529e+03 1.01897720e+02
    2.12121313e+03 9.99363174e+01 2.12364453e+03 9.71664124e+01
    2.12756299e+03 9.43625641e+01 2.13189111e+03 9.19651718e+01
    2.13471899e+03 8.88290787e+01 2.13974292e+03 8.83858719e+01
    2.14235474e+03 8.70052872e+01 2.14544043e+03 8.13470306e+01
    2.15075195e+03 7.57486725e+01 2.15512622e+03 7.30053635e+01
    2.15769995e+03 6.68610001e+01 2.16324487e+03 5.74269943e+01
    2.16732910e+03 4.80820465e+01 2.17172192e+03 3.85553093e+01
    2.17605298e+03 2.93844662e+01 2.17727197e+03 1.75451317e+01
    2.18008447e+03 6.22193384e+00 2.18230200e+03 -1.30092583e+01
    2.18099707e+03 -2.43395653e+01 2.18034277e+03 -4.01182556e+01
    2.18131104e+03 -5.75045815e+01 2.18068701e+03 -7.14213257e+01
    2.17841187e+03 -7.88372955e+01 2.17885889e+03 -9.14861526e+01
    2.17654956e+03 -9.87642517e+01 2.17585620e+03 -1.06483047e+02
    2.17328223e+03 -1.06562645e+02 2.17545801e+03 -1.08081932e+02
    2.17339966e+03 -1.03138863e+02 2.17258545e+03 -1.05595757e+02
    2.17217700e+03 -1.04736740e+02 2.17359399e+03 -1.03654144e+02
    2.17095337e+03 -1.04873337e+02 2.17108960e+03 -1.02214401e+02
    2.17177148e+03 -9.07039185e+01 2.17412939e+03 -9.32967224e+01
    2.17337329e+03 -5.48164902e+01 1.39462354e+03 -7.34476929e+01
    1.39562195e+03 -8.74772873e+01 1.39650830e+03 -1.10516296e+02
    1.40149182e+03 -1.60971817e+02 1.41762231e+03 -2.15517731e+02
    1.43399976e+03 -2.77029022e+02 1.45435400e+03 -3.23090698e+02
    1.47197754e+03 -3.62628479e+02 1.48719067e+03 -3.90643951e+02
    1.50026929e+03 -4.10686340e+02 1.50879565e+03 -4.11505554e+02
    1.50982813e+03 -1.57928726e+02 1.38241931e+03 -3.66146393e+02
    2.08651929e+03 -3.35380005e+02 2.09983521e+03 -2.79767639e+02
    2.12030371e+03 -2.61808441e+02 2.12818311e+03 -2.51221436e+02
    2.13438599e+03 -2.45464035e+02 2.13587402e+03 -2.11969620e+02
    2.15193872e+03 -1.93634232e+02 2.16109082e+03 -1.82406982e+02
    2.16756519e+03 -1.73197937e+02 2.17291479e+03 -1.77773895e+02
    2.17464746e+03 -1.73364792e+02 2.17559619e+03 -1.82358582e+02
    2.17437622e+03 -1.73680267e+02 2.17734595e+03 -1.78888840e+02
    2.17492578e+03 -1.82947220e+02 2.17455371e+03 -1.85241318e+02
    2.17371851e+03 -1.90369202e+02 2.16939990e+03 -2.03535553e+02
    2.17145947e+03 -2.10719696e+02 2.16876538e+03 -2.17177734e+02
    2.16407813e+03 -2.24599838e+02 2.16179053e+03 -2.31148544e+02
    2.15736401e+03 -2.36435165e+02 2.15373828e+03 -2.44904694e+02
    2.15154639e+03 -2.44147995e+02 2.14787329e+03 -2.53589081e+02
    2.14797412e+03 -2.60633942e+02 2.14676855e+03 -2.62842529e+02
    2.14829810e+03 -2.64032166e+02 2.14698828e+03 -2.66631744e+02
    2.14730396e+03 -8.07668304e+00 1.27087476e+03 -9.95274162e+00
    1.26573303e+03 -1.10931578e+01 1.25911047e+03 -2.80064484e+02
    2.14035962e+03 -2.86713165e+02 2.13734375e+03 -2.95100006e+02
    2.13166895e+03 -3.08984955e+02 2.12713354e+03 -3.16567627e+02
    2.12120605e+03 -3.26757050e+02 2.11731030e+03 -1.78263779e+01
    1.20151501e+03 -1.69800053e+01 1.19556958e+03 -1.39466553e+01
    1.18560449e+03 -1.31892242e+01 1.18062488e+03 -1.00892267e+01
    1.17487476e+03 -6.86515713e+00 1.17024890e+03 -7.95882654e+00
    1.16766028e+03 -4.76355982e+00 1.16779102e+03 -8.04712009e+00
    1.16436475e+03 -1.18962593e+01 1.16232776e+03 -1.36267891e+01
    1.16609216e+03 -1.72281513e+01 1.16564233e+03 -2.57960949e+01
    1.16180664e+03 -3.14135704e+01 1.15621997e+03 -5.36010254e+02
    2.05031860e+03 -5.55657410e+02 2.04593140e+03 -5.73091125e+02
    2.04283972e+03 -5.94522278e+02 2.04081372e+03 -6.08342102e+02
    2.03750928e+03 -6.20389526e+02 2.03434741e+03 -6.41678040e+02
    2.02829504e+03 -6.54686829e+02 2.02642688e+03 -6.68954834e+02
    2.02395715e+03 -6.82034119e+02 2.02098169e+03 -6.92932251e+02
    2.01958057e+03 -7.06105713e+02 2.01861292e+03 -7.18365662e+02
    2.01472522e+03 -1.14744034e+02 9.62693787e+02 -1.09740097e+02
    9.46418213e+02 -1.16090622e+02 9.30030090e+02 -1.21268318e+02
    9.14443176e+02 -1.22671532e+02 8.99851074e+02 -1.24650551e+02
    8.81655640e+02 -1.26327141e+02 8.65385559e+02 -1.28864594e+02
    8.49840027e+02 -1.31465149e+02 8.31045532e+02 -1.41810806e+02
    8.16338989e+02 -1.44128265e+02 7.99952209e+02 -1.52317474e+02
    7.85569458e+02 -8.66017578e+02 1.98166492e+03 -8.77927246e+02
    1.98206335e+03 -8.86617920e+02 1.98331213e+03 -8.98640320e+02
    1.98299219e+03 -9.07255371e+02 1.98597412e+03 -1.68095581e+02
    7.12817078e+02 -1.65738235e+02 7.02426453e+02 -1.58955414e+02
    6.88763916e+02 -1.49593552e+02 6.76738220e+02 -1.46243561e+02
    6.65207336e+02 -1.42293060e+02 6.51222717e+02 -1.43785461e+02
    6.41400696e+02 -1.43538849e+02 6.33055054e+02 -1.36050156e+02
    6.20707581e+02 -1.32076431e+02 6.11112122e+02 -1.33055557e+02
    6.00999084e+02 -1.28932205e+02 5.88480774e+02 -1.22719757e+02
    5.76138000e+02 -1.18896027e+02 5.66784790e+02 -1.16777069e+02
    5.56758789e+02 -1.19535484e+02 5.44673828e+02 -1.21410339e+02
    5.33952087e+02 -1.22210472e+02 5.20976013e+02 -1.28587555e+02
    5.12278625e+02 -1.30539368e+02 5.00482269e+02 -1.31303085e+02
    4.89383484e+02 -1.35732269e+02 4.79101349e+02 -1.39192490e+02
    4.71222137e+02 -1.46568924e+02 4.61805237e+02 -1.20287805e+03
    1.92890295e+03 -1.57687759e+02 4.39513641e+02 -1.23393030e+03
    1.92626526e+03 -1.68961136e+02 4.22127747e+02 -1.73963348e+02
    4.14586060e+02 -1.26703015e+03 1.91408130e+03 -1.27939697e+03
    1.90806372e+03 -1.29568640e+03 1.90452844e+03 -1.30481384e+03
    1.90302856e+03 -1.31251746e+03 1.90214209e+03 -1.32620862e+03
    1.89853052e+03 -1.33761829e+03 1.89701538e+03 -1.34703979e+03
    1.89406531e+03 -1.36179749e+03 1.88389709e+03 -1.37422510e+03
    1.88085986e+03 -1.38604736e+03 1.87560913e+03 -1.39935156e+03
    1.86221948e+03 -1.41455322e+03 1.86140820e+03 -1.42539929e+03
    1.85463159e+03 -1.43924951e+03 1.84700574e+03 -1.45086670e+03
    1.83208154e+03 -1.46919849e+03 1.83161768e+03 -1.47574475e+03
