<?xml version="1.0"?>
<opencv_storage>
<positions type_id="opencv-matrix">
  <rows>2723</rows>
  <cols>1</cols>
  <dt>"2f"</dt>
  <data>
    5.99402962e+01 5.24656677e+02 5.99402962e+01 5.25253723e+02
    6.08425026e+01 5.23536987e+02 6.06378975e+01 5.24607910e+02
    6.01647949e+01 5.24224731e+02 6.15711555e+01 5.24144226e+02
    6.19236641e+01 5.24580139e+02 6.10909119e+01 5.23636353e+02
    6.14399986e+01 5.25409546e+02 6.19739304e+01 5.27135925e+02
    6.19548874e+01 5.27157898e+02 6.23252373e+01 5.27072937e+02
    6.32862434e+01 5.26750916e+02 6.35187988e+01 5.26796997e+02
    6.23126183e+01 5.26342712e+02 6.36397743e+01 5.25688538e+02
    6.38796997e+01 5.25714294e+02 6.33973618e+01 5.26463257e+02
    6.38785591e+01 5.27423157e+02 6.43622665e+01 5.27456604e+02
    6.37580338e+01 5.27727783e+02 6.37602997e+01 5.26981262e+02
    6.36411247e+01 5.26953308e+02 6.35142326e+01 5.27908936e+02
    6.32849159e+01 5.28327759e+02 6.25698318e+01 5.29519531e+02
    6.26641350e+01 5.31552185e+02 6.15849075e+01 5.32649048e+02
    6.03705101e+01 5.32567139e+02 6.04238930e+01 5.36786133e+02
    6.11449814e+01 5.38408936e+02 6.15111084e+01 5.39496277e+02
    5.92547531e+01 5.42174927e+02 5.97412224e+01 5.40746765e+02
    6.01389427e+01 5.41601501e+02 5.94864388e+01 5.41743225e+02
    5.77030411e+01 5.41652954e+02 5.78505325e+01 5.42177917e+02
    5.55515366e+01 5.45099487e+02 5.47414131e+01 5.43710693e+02
    5.31211586e+01 5.44752258e+02 5.47211876e+01 5.48520447e+02
    5.11304359e+01 5.46782593e+02 4.72941170e+01 5.53058838e+02
    1.24982323e+02 2.06736353e+03 1.26072281e+02 2.06676294e+03
    4.32000008e+01 5.56342834e+02 1.23689789e+02 2.07294678e+03
    1.22920639e+02 2.07453979e+03 1.23817825e+02 2.07651489e+03
    1.22250000e+02 2.07912500e+03 3.17127476e+01 5.70369873e+02
    3.04056931e+01 5.70419922e+02 1.19441856e+02 2.09103882e+03
    1.16342438e+02 2.09544629e+03 1.10711983e+02 2.09986401e+03
    1.08588234e+02 2.10329419e+03 1.10266434e+02 2.10768042e+03
    1.08821915e+02 2.11112329e+03 1.07030716e+02 2.11615015e+03
    1.03757576e+02 2.12331299e+03 1.02112358e+02 2.12258105e+03
    9.88794556e+01 2.12590845e+03 9.58943939e+01 2.13196045e+03
    9.35384598e+01 2.13297656e+03 8.96442108e+01 2.13863892e+03
    8.75341034e+01 2.14139087e+03 8.51189270e+01 2.14394629e+03
    8.27263336e+01 2.14746997e+03 7.88453598e+01 2.15213745e+03
    7.52876740e+01 2.15386304e+03 6.55914764e+01 2.16406396e+03
    5.56666679e+01 2169. 1.11083694e+02 -9.62819366e+01 1.29374710e+02
    -9.77565689e+01 1.44177383e+02 -9.59290466e+01 1.61078659e+02
    -8.84494400e+01 1.79407410e+02 -7.70370407e+01 1.97793106e+02
    -6.68965530e+01 2.08587463e+02 -6.92527008e+01 2.25781738e+02
    -6.81336288e+01 2.47247879e+02 -4.60854721e+01 2.59090546e+02
    -4.22374229e+01 2.76065552e+02 -4.20983582e+01 2.90886749e+02
    -3.72207298e+01 3.07483398e+02 -2.84575653e+01 3.15376434e+02
    -3.56501884e+01 3.31962616e+02 -2.22504673e+01 3.49821991e+02
    -7.81849909e+00 3.60030884e+02 -4.94208479e+00 3.74614838e+02
    -3.50530028e+00 3.85972595e+02 3.61643839e+00 3.89495514e+02
    1.06475849e+01 4.02836121e+02 2.11906357e+01 4.16635773e+02
    2.60662251e+01 4.27025208e+02 4.14117661e+01 4.37068329e+02
    3.92546577e+01 4.50210358e+02 5.26467819e+01 4.53333344e+02 56.
    4.72615387e+02 6.76681747e+01 4.78811279e+02 8.27340240e+01
    4.86182373e+02 8.84327621e+01 4.98298584e+02 1.01588730e+02
    5.04309418e+02 1.05104973e+02 5.21582458e+02 1.25626373e+02
    5.27915833e+02 1.32126328e+02 5.36810974e+02 1.50531509e+02
    5.44975342e+02 1.63390427e+02 5.57318420e+02 1.78592178e+02
    5.64799988e+02 1.95377777e+02 5.75906433e+02 2.09684219e+02
    5.82736816e+02 2.28698059e+02 5.90660767e+02 2.46320114e+02
    6.00667664e+02 2.61826996e+02 6.07572083e+02 2.76160461e+02
    6.12136719e+02 2.85384827e+02 6.18445129e+02 3.02528198e+02
    6.22242249e+02 3.18197174e+02 6.27818176e+02 3.29363647e+02
    6.31569397e+02 3.40759216e+02 6.36560120e+02 3.52678925e+02
    6.38267822e+02 3.63031342e+02 6.40284851e+02 3.79537079e+02
    6.43910583e+02 3.90485840e+02 6.44530090e+02 4.06265045e+02
    6.48546570e+02 4.14807465e+02 6.50517822e+02 4.22300781e+02
    6.56788574e+02 4.36400635e+02 6.58315796e+02 4.51894745e+02
    6.56722595e+02 4.60799988e+02 6.56214783e+02 4.72161072e+02
    6.58661865e+02 4.82118073e+02 6.59826111e+02 4.93217407e+02
    6.60880310e+02 5.08416992e+02 6.59890076e+02 5.20388977e+02
    6.69006226e+02 5.37679810e+02 6.69583496e+02 5.47880981e+02
    6.72155334e+02 5.69631104e+02 6.77638428e+02 5.84201355e+02
    -2.62773712e+02 2.14867163e+03 6.75651001e+02 6.10648743e+02
    6.76730408e+02 6.26226074e+02 6.75287170e+02 6.34498901e+02
    6.73603455e+02 6.50457520e+02 6.80344971e+02 6.76271057e+02
    6.76889771e+02 6.95210876e+02 6.76727295e+02 7.14060608e+02
    6.79955811e+02 7.30165771e+02 6.84892090e+02 7.57410095e+02
    6.88567383e+02 7.76283691e+02 6.91720337e+02 8.04110535e+02
    6.96935059e+02 8.24207764e+02 7.02219299e+02 8.44150574e+02
    7.09265869e+02 8.60962036e+02 -3.77475739e+02 2.08310693e+03
    6.98694275e+02 8.86604492e+02 7.02585022e+02 9.03292480e+02
    -4.16927551e+02 2.07026099e+03 7.03749084e+02 9.62258850e+02
    6.94237305e+02 9.81212769e+02 7.05634583e+02 1.01431830e+03
    7.06909058e+02 1.04198340e+03 7.00644226e+02 1.06223218e+03
    6.98170044e+02 1.08476111e+03 7.01102356e+02 1.10702356e+03
    6.94602234e+02 1.12963562e+03 6.92143677e+02 1.15962195e+03
    6.92525940e+02 1.17762549e+03 6.77517212e+02 1.21489648e+03
    6.63866455e+02 1.24152881e+03 6.56815735e+02 1.26970984e+03
    6.50929810e+02 1.29299426e+03 6.45783936e+02 1.31872693e+03
    6.42955811e+02 1.33885938e+03 6.33156433e+02 1.35350500e+03
    6.21280640e+02 1.36853760e+03 6.17133179e+02 1.38147986e+03
    6.01628296e+02 1.38817700e+03 5.92707336e+02 1.40018518e+03
    5.87520020e+02 1.41155554e+03 5.75399048e+02 1.42632861e+03
    5.66579407e+02 1.43925232e+03 5.64856445e+02 1.45076697e+03
    5.51507996e+02 1.46310718e+03 5.42392700e+02 1.47492236e+03
    5.32714294e+02 1.48300012e+03 5.24976929e+02 1.49500464e+03
    5.17079346e+02 1.50624951e+03 5.10014343e+02 1.51843445e+03
    5.01473694e+02 1.52982458e+03 4.90338470e+02 1.54415833e+03
    4.80217682e+02 1.55443091e+03 4.57392029e+02 1.57410474e+03
    4.52477356e+02 1.58143201e+03 4.39503204e+02 1.58931042e+03
    4.24201691e+02 1.60295801e+03 4.05107819e+02 1.61244812e+03
    3.96995636e+02 1.62347595e+03 3.74592133e+02 1.64173914e+03
    3.58634125e+02 1.65645520e+03 3.43072968e+02 1.66990552e+03
    3.34718689e+02 1.68095288e+03 3.17935486e+02 1.69455493e+03
    2.96405518e+02 1.71000916e+03 -2.01421777e+03 6.03544312e+02
    -2.02300012e+03 6.02538513e+02 -2.02895337e+03 5.99646912e+02
    -2.04116736e+03 6.03862427e+02 -2.04869751e+03 6.04745789e+02
    -2.06185132e+03 6.08292053e+02 -2.06650708e+03 6.07551575e+02
    -2.07584082e+03 6.09612732e+02 -2.09295654e+03 6.11652161e+02
    -2.10682666e+03 6.18471985e+02 -2.11790137e+03 6.18306458e+02
    -2.12746313e+03 6.17922180e+02 -2.13813062e+03 6.14190918e+02
    -2.15096338e+03 6.10535828e+02 -2.15811279e+03 6.14400024e+02
    -2.16630786e+03 6.09321655e+02 -2.17439600e+03 6.12090210e+02
    -2.18453857e+03 6.14708984e+02 -2.19687305e+03 6.23350220e+02
    -2.21063916e+03 6.22845337e+02 -2.21067383e+03 6.20765503e+02
    -2.22245874e+03 6.26540039e+02 -2.22793091e+03 6.23001343e+02
    -2.23613184e+03 6.22593445e+02 -2.24397363e+03 6.22330261e+02
    -2.25185791e+03 6.22254883e+02 -2.25781274e+03 6.23977661e+02
    -2.27273218e+03 6.21911133e+02 -2.27834863e+03 6.23957153e+02
    -2.28671265e+03 6.21241394e+02 -2.29257129e+03 6.20982849e+02
    -2.29317920e+03 6.19468201e+02 -2.29839771e+03 6.13222534e+02
    -2.29528125e+03 6.11339172e+02 -2.29491016e+03 6.10411621e+02
    -2.29692065e+03 6.08813171e+02 -2.29827148e+03 6.12251770e+02
    -2.30090625e+03 6.13657471e+02 -2.29185742e+03 6.08502136e+02
