<?xml version="1.0"?>
<opencv_storage>
<positions type_id="opencv-matrix">
  <rows>2723</rows>
  <cols>1</cols>
  <dt>"2f"</dt>
  <data>
    6.04595451e+01 5.27050049e+02 4.94804649e+01 1.25463379e+03
    6.04388199e+01 5.26760071e+02 6.05717049e+01 5.26250610e+02
    6.08554420e+01 5.26319031e+02 6.08899460e+01 5.26134277e+02
    6.13971786e+01 5.26247253e+02 6.09897270e+01 5.26314636e+02
    6.09996986e+01 5.25983276e+02 6.17105408e+01 5.26868652e+02
    6.16918144e+01 5.27110291e+02 6.18206482e+01 5.27353394e+02
    6.24869461e+01 5.27461792e+02 6.24498901e+01 5.27542175e+02
    6.24602928e+01 5.27328003e+02 6.25337906e+01 5.27760559e+02
    6.27199821e+01 5.27830566e+02 6.23694000e+01 5.27591675e+02
    6.25455399e+01 5.28403687e+02 6.24010963e+01 5.28318176e+02
    6.13130531e+01 5.28178162e+02 6.15634499e+01 5.28478210e+02
    6.19905930e+01 5.28685852e+02 6.12190895e+01 5.28557556e+02
    6.12797318e+01 5.29630920e+02 6.11604881e+01 5.29959656e+02
    6.02981186e+01 5.30389709e+02 6.01920433e+01 5.31434631e+02
    5.97166100e+01 5.31079712e+02 4.90091248e+01 1.27700684e+03
    4.77312927e+01 1.27772546e+03 4.83451462e+01 1.27727905e+03
    4.82536621e+01 1.27731165e+03 4.81690063e+01 1.27752637e+03
    4.84425011e+01 1.27733545e+03 4.80084648e+01 1.27737695e+03
    4.90276947e+01 1.27760767e+03 4.87625542e+01 1.27768140e+03
    4.85631905e+01 1.27865137e+03 4.91021309e+01 1.27849841e+03
    4.90384026e+01 1.27878735e+03 4.81400871e+01 1.27876843e+03
    4.83973236e+01 1.27914063e+03 4.81888390e+01 1.27859253e+03
    4.57095222e+01 1.27933374e+03 4.62369080e+01 1.28142529e+03
    4.71606026e+01 1.28132410e+03 4.44665565e+01 1.28382629e+03
    4.40141869e+01 1.28334229e+03 4.32331581e+01 1.28576489e+03
    4.40159416e+01 1.28652197e+03 4.19428864e+01 1.28632861e+03
    4.23983612e+01 1.28924768e+03 3.81309776e+01 1.28945374e+03
    3.83992691e+01 1.29021033e+03 3.19420166e+01 1.29296045e+03
    3.27992325e+01 1.29382922e+03 3.54721565e+01 1.29598218e+03
    3.41000443e+01 1.29739429e+03 3.06757011e+01 1.29985681e+03
    2.88186016e+01 1.30362024e+03 2.72621288e+01 1.30167493e+03
    2.56571770e+01 1.30639502e+03 2.50289555e+01 1.30897473e+03
    2.09367294e+01 1.30850964e+03 1.73960361e+01 1.31580859e+03
    1.89307747e+01 1.31892310e+03 1.68097420e+01 1.31794910e+03
    1.73754940e+01 1.32406726e+03 2.33444386e+01 1.32574597e+03
    2.78582897e+01 1.32715735e+03 3.46836472e+01 1.33361548e+03
    4.93739395e+01 1.33177966e+03 4.98927460e+01 1.33264124e+03
    6.28319283e+01 1.33379993e+03 7.42645187e+01 1.33093408e+03
    7.77468338e+01 1.33157886e+03 8.38799362e+01 1.33468201e+03
    8.48911819e+01 1.33426099e+03 8.45202789e+01 1.33393652e+03
    8.35170059e+01 1.34138135e+03 7.47240753e+01 1.34605481e+03
    7.43561096e+01 1.34830432e+03 6.73314743e+01 1.35157666e+03
    6.46249390e+01 1.35226465e+03 6.25678291e+01 1.35442236e+03
    4.75074959e+01 1.36134912e+03 4.29967155e+01 1.36385120e+03
    3.06990223e+01 1.36776880e+03 3.16154861e+01 1.37076160e+03
    1.79162827e+01 1.37366296e+03 8.83895206e+00 1.37876624e+03
    -8.51506412e-01 1.38070972e+03 -1.43101854e+01 1.38447510e+03
    -1.93459187e+01 1.38610913e+03 -3.30926170e+01 1.38880347e+03
    -4.43212280e+01 1.39269373e+03 -4.41144165e+02 5.38042297e+02
    -4.58826599e+02 5.38983704e+02 -4.74374512e+02 5.44246704e+02
    -4.87463287e+02 5.42654602e+02 -5.04344604e+02 5.44198669e+02
    -5.18805725e+02 5.47439819e+02 -5.38965210e+02 5.46527954e+02
    -5.52893311e+02 5.47261719e+02 -5.72773315e+02 5.48805969e+02
    -5.88160034e+02 5.48564209e+02 -6.11524353e+02 5.49841675e+02
    -6.34096375e+02 5.51754822e+02 -6.57839966e+02 5.55018066e+02
    -1.55551025e+02 1.38076013e+03 -1.44708450e+02 1.38101660e+03
    -1.37425018e+02 1.37822046e+03 -1.36031479e+02 1.37598389e+03
    -1.29800552e+02 1.37316919e+03 -1.26956184e+02 1.37014038e+03
    -1.25384438e+02 1.36664478e+03 -1.23482246e+02 1.36451978e+03
    -1.22338722e+02 1.36355188e+03 -1.21161575e+02 1.36008838e+03
    -1.16049095e+02 1.35719165e+03 -1.12919540e+02 1.35539307e+03
    -1.11999550e+02 1.35190186e+03 -1.02177383e+02 1.34692151e+03
    -9.80751419e+01 1.34276245e+03 -9.49341812e+01 1.33912463e+03
    -8.63134689e+01 1.33580273e+03 -8.16515656e+01 1.33165979e+03
    -7.64882889e+01 1.32767932e+03 -6.64001617e+01 1.32308313e+03
    -5.85697861e+01 1.31707349e+03 -5.41509399e+01 1.31034583e+03
    -4.40536766e+01 1.30665466e+03 -3.87677269e+01 1.30117920e+03
    -3.21815224e+01 1.29707996e+03 -2.61203518e+01 1.29556311e+03
    -2.28560314e+01 1.29439502e+03 -1.69397011e+01 1.28832202e+03
    -1.15688152e+01 1.28542371e+03 -9.26736355e+00 1.28231628e+03
    -6.93895531e+00 1.27578381e+03 -1.16959595e+03 6.75921448e+02
    -1.19247595e+03 6.88160645e+02 -1.20167468e+03 6.79282532e+02
    -1.40783548e+01 1.24914771e+03 -1.57350092e+01 1.24351367e+03
    -1.40004702e+01 1.23604565e+03 -1.60984821e+01 1.22639331e+03
    -1.74912624e+01 1.22004883e+03 -1.64043083e+01 1.21233875e+03
    -1.33884839e+03 6.80490417e+02 -1.35803564e+03 6.78934265e+02
    -1.39059570e+03 7.05182007e+02 -1.40367432e+03 6.86261780e+02
    -1.44354102e+03 7.23586060e+02 -1.44957739e+03 6.88346619e+02
    -1.48777380e+03 7.12191345e+02 -1.51800867e+03 7.33502747e+02
    -1.54588623e+03 7.35628296e+02 -1.56499585e+03 7.31087036e+02
    -1.57418774e+03 7.06757568e+02 -1.59982336e+03 7.11339966e+02
    -1.60353308e+03 6.88987427e+02 -1.62907117e+03 7.02374573e+02
    -3.82244415e+01 1.15177148e+03 -4.62436829e+01 1.14213721e+03
    -5.02733955e+01 1.13261829e+03 -5.94827423e+01 1.11573462e+03
    -6.62465439e+01 1.10098621e+03 -7.34281464e+01 1.08517078e+03
    -7.70557404e+01 1.06681409e+03 -7.84492416e+01 1.05096826e+03
    -8.04681778e+01 1.03589709e+03 -8.58369446e+01 1.02066437e+03
    -9.13526077e+01 1.00342560e+03 -9.90711060e+01 9.93472107e+02
    -1.07500351e+02 9.80502869e+02 -1.91906360e+03 7.33412415e+02
    -1.92464893e+03 7.23206116e+02 -1.92854175e+03 7.10530823e+02
    -1.93564526e+03 7.12204895e+02 -1.92905676e+03 6.96677795e+02
    -1.93553040e+03 6.88415039e+02 -1.94238220e+03 6.82170776e+02
    -1.93232043e+03 6.67944824e+02 -1.93209961e+03 6.53624817e+02
    -1.94167590e+03 6.57290283e+02 -1.92961877e+03 6.42904419e+02
    -1.92545801e+03 6.28184814e+02 -1.55803833e+02 7.70281128e+02
    -1.62822006e+02 7.60083679e+02 -1.62179901e+02 7.46687317e+02
    -1.68737656e+02 7.37940063e+02 -1.70076126e+02 7.24388184e+02
    -1.94672510e+03 5.99785034e+02 -1.95396887e+03 6.00827881e+02
    -1.95816138e+03 6.02136902e+02 -1.96443665e+03 6.01978577e+02
    -1.96991443e+03 6.01320068e+02 -1.97623047e+03 6.03144104e+02
    -1.98537524e+03 6.04265137e+02 -1.98531482e+03 5.97698181e+02
    -1.99421814e+03 6.01016357e+02 -2.00625378e+03 6.01830444e+02
    -2.01237036e+03 6.01943542e+02 -2.02171655e+03 6.01708252e+02
    -2.02874329e+03 5.99498596e+02 -2.04210046e+03 6.02776367e+02
    -2.04984521e+03 6.07494751e+02 -2.06291992e+03 6.10172180e+02
    -2.06912622e+03 6.09518372e+02 -2.07990820e+03 6.13682312e+02
    -2.09321631e+03 6.15784180e+02 -2.10623608e+03 6.17734497e+02
    -2.11676318e+03 6.19644836e+02 -2.12629565e+03 6.17979797e+02
    -2.13967432e+03 6.14937744e+02 -2.14768042e+03 6.10019653e+02
    -1.50187943e+02 4.49607727e+02 -2.16823315e+03 6.11154419e+02
    -1.62151093e+02 4.32474976e+02 -2.18337427e+03 6.14667908e+02
    -2.19773853e+03 6.20602905e+02 -1.84790695e+02 4.07353760e+02
    -1.90736908e+02 3.96482544e+02 -1.98635666e+02 3.85988068e+02
    -2.02800629e+02 3.79834503e+02 -2.13206619e+02 3.69626221e+02
    -2.22260193e+02 3.58640137e+02 -2.28223602e+02 3.48746307e+02
    -2.36097931e+02 3.43772339e+02 -2.45311142e+02 3.34969086e+02
    -2.52204269e+02 3.24012329e+02 -2.64998688e+02 3.16396881e+02
    -2.77198975e+02 3.05803680e+02 -2.87658539e+02 2.99476349e+02
    -3.02592896e+02 2.89420135e+02 -3.10409668e+02 2.76978851e+02
    -3.16960876e+02 2.71941467e+02 -3.35202667e+02 2.62361481e+02
