<?xml version="1.0"?>
<opencv_storage>
<positions type_id="opencv-matrix">
  <rows>2723</rows>
  <cols>1</cols>
  <dt>"2f"</dt>
  <data>
    1.33480484e+02 2.05107739e+03 1.68074783e+02 1.95348572e+03
    1.33118057e+02 2.05052124e+03 1.33519012e+02 2.05082007e+03
    1.33703735e+02 2.05058887e+03 1.33885010e+02 2.05042554e+03
    1.34153198e+02 2.05042407e+03 1.33571274e+02 2.05062842e+03
    1.34050262e+02 2.05038599e+03 1.33536545e+02 2.05118506e+03
    1.33443146e+02 2.05112451e+03 1.33826508e+02 2.05044482e+03
    1.33871140e+02 2.05082544e+03 1.34171341e+02 2.05036475e+03
    1.33896286e+02 2.05011841e+03 1.33835312e+02 2.05110449e+03
    1.33670639e+02 2.05123804e+03 1.34498581e+02 2.05015234e+03
    1.33010437e+02 2.05029175e+03 1.32587875e+02 2.05086133e+03
    1.32459824e+02 2.04958057e+03 1.32535690e+02 2.04963672e+03
    1.32045670e+02 2.05040601e+03 1.32350677e+02 2.04923633e+03
    1.33289536e+02 2.04979443e+03 1.32638168e+02 2.04995068e+03
    1.33851257e+02 2.04932715e+03 1.32925781e+02 2.05042749e+03
    1.32428848e+02 2.05057349e+03 5.94638252e+01 5.32974670e+02
    5.94422760e+01 5.34022217e+02 5.95645065e+01 5.34762573e+02
    5.88753166e+01 5.35723877e+02 5.79654503e+01 5.35578674e+02
    5.82715607e+01 5.36640686e+02 5.68080368e+01 5.39147095e+02
    5.59559822e+01 5.39066711e+02 5.47986298e+01 5.38960510e+02
    5.30624542e+01 5.42177612e+02 5.25494957e+01 5.42388367e+02
    5.03853951e+01 5.43915649e+02 5.09098740e+01 5.47496765e+02
    5.02471123e+01 5.48186218e+02 4.81613388e+01 5.50362000e+02
    4.47305336e+01 5.53459656e+02 4.33832397e+01 5.55549866e+02
    4.38655663e+01 5.58422913e+02 4.01027679e+01 5.61146606e+02
    4.07843666e+01 5.65597717e+02 3.85349464e+01 5.65317871e+02
    3.45749893e+01 5.70135010e+02 3.26947746e+01 5.74177429e+02
    3.18379021e+01 5.73827820e+02 2.72310390e+01 5.79226196e+02
    2.58203239e+01 5.82528870e+02 2.19131794e+01 5.83951294e+02
    1.86543903e+01 5.87333374e+02 1.49068260e+01 5.89544861e+02
    1.27249441e+01 5.90406494e+02 4.98371696e+00 5.95590759e+02
    1.00420964e+00 5.95079956e+02 -1.71374536e+00 5.97774597e+02
    -1.03625565e+01 5.97305298e+02 -1.83381386e+01 5.99109558e+02
    -2.26363640e+01 5.97726013e+02 -3.47823448e+01 5.97869019e+02
    -4.15337982e+01 6.00116150e+02 -4.98342514e+01 5.98732239e+02
    -6.34301796e+01 5.96087830e+02 -7.64110260e+01 5.93913574e+02
    -8.20532684e+01 5.90554993e+02 -9.69462051e+01 5.85636963e+02
    -1.11083069e+02 5.82290466e+02 -1.24328171e+02 5.81291321e+02
    -1.39094650e+02 5.75542297e+02 -1.51610199e+02 5.70779419e+02
    -1.60105225e+02 5.68731689e+02 -1.78199799e+02 5.63481873e+02
    -1.95981720e+02 5.56915100e+02 -2.07934570e+02 5.55893494e+02
    -2.26488571e+02 5.47958923e+02 -2.44909515e+02 5.41613220e+02
    -2.57646790e+02 5.39534119e+02 -2.73807648e+02 5.37586914e+02
    -2.85819641e+02 5.35687866e+02 -2.97704834e+02 5.31732666e+02
    -3.13290649e+02 5.30252747e+02 -3.21920197e+02 5.29599976e+02
    -3.34439270e+02 5.28642456e+02 -3.49968811e+02 5.26468689e+02
    -3.60048828e+02 5.28335754e+02 -3.68432373e+02 5.28386475e+02
    -3.82362152e+02 5.27356506e+02 -3.92240448e+02 5.30201538e+02
    -4.02270325e+02 5.32723022e+02 -4.18015717e+02 5.33880432e+02
    -4.30583923e+02 5.36081909e+02 -8.52824860e+01 2.17416113e+03
    -7.89739914e+01 2.17411694e+03 -7.08145294e+01 2.17536328e+03
    -6.41477432e+01 2.17696826e+03 -5.50937004e+01 2.18069360e+03
    -5.82803955e+01 2.18140356e+03 -5.91744347e+01 2.18102295e+03
    -6.59884720e+01 2.18229736e+03 -7.36015472e+01 2.18373071e+03
    -7.61186218e+01 2.18321167e+03 -8.28803864e+01 2.18405273e+03
    -9.21873627e+01 2.18498047e+03 -3.96642975e+02 2.06912134e+03
    -6.78542786e+02 5.56537170e+02 -7.02929565e+02 5.62071228e+02
    -7.25341125e+02 5.70039185e+02 -7.40608887e+02 5.73666016e+02
    -7.61141052e+02 5.81951050e+02 -7.77506653e+02 5.86551941e+02
    -7.96302002e+02 5.91791809e+02 -8.14810120e+02 6.02023315e+02
    -8.30635803e+02 6.04008179e+02 -8.47962036e+02 6.10461121e+02
    -8.66079895e+02 6.16426086e+02 -8.85639160e+02 6.28220825e+02
    -9.05816162e+02 6.42071838e+02 -9.19937134e+02 6.42887268e+02
    -9.40790222e+02 6.58601807e+02 -9.58159607e+02 6.61749939e+02
    -9.71789429e+02 6.61670593e+02 -9.91444458e+02 6.79150574e+02
    -9.99746277e+02 6.70415466e+02 -1.01265442e+03 6.72029663e+02
    -1.01723584e+03 6.68259033e+02 -1.02999744e+03 6.66329834e+02
    -1.03775024e+03 6.64524719e+02 -1.05135803e+03 6.71084229e+02
    -1.06594043e+03 6.75328064e+02 -1.07547424e+03 6.71117188e+02
    -1.08470984e+03 6.65018494e+02 -1.09602649e+03 6.63092224e+02
    -1.11905591e+03 6.76679077e+02 -1.13518726e+03 6.80722412e+02
    -1.14742957e+03 6.69963989e+02 -2.72121735e+02 2.14439722e+03
    -2.73378998e+02 2.14702881e+03 -2.72905182e+02 2.14440674e+03
    -1.22419055e+03 6.79712158e+02 -1.24767688e+03 6.89538757e+02
    -1.26740955e+03 6.90951599e+02 -1.28274170e+03 6.81257385e+02
    -1.30320996e+03 6.81944153e+02 -1.30943030e+03 6.60325195e+02
    -3.37554810e+02 2.11196948e+03 -3.48835327e+02 2.10756030e+03
    -3.60258545e+02 2.10171362e+03 -3.68242493e+02 2.09694629e+03
    -3.80838623e+02 2.09334888e+03 -3.89819550e+02 2.08731812e+03
    -3.99152679e+02 2.08172778e+03 -4.18800964e+02 2.07381763e+03
    -4.34018768e+02 2.06873901e+03 -4.45002563e+02 2.06470557e+03
    -4.66556702e+02 2.06151440e+03 -4.81653687e+02 2.05970410e+03
    -5.01168091e+02 2.05662280e+03 -5.17215027e+02 2.05414624e+03
    -1.62642786e+03 6.57696960e+02 -1.66018018e+03 6.83989380e+02
    -1.69248364e+03 6.92385620e+02 -1.73770837e+03 7.18858643e+02
    -1.75134045e+03 7.10253845e+02 -1.79380945e+03 7.36551086e+02
    -1.79590039e+03 7.10410339e+02 -1.80424841e+03 7.00648254e+02
    -1.83417651e+03 7.14123169e+02 -1.85925378e+03 7.19716797e+02
    -1.86828687e+03 7.18033142e+02 -1.88764307e+03 7.27579834e+02
    -1.89996204e+03 7.17566406e+02 -7.30653381e+02 2.01332764e+03
    -7.41475708e+02 2.00854199e+03 -7.57655884e+02 2.00599744e+03
    -7.69278198e+02 2.00202686e+03 -7.82318665e+02 1.99868066e+03
    -7.92742432e+02 1.99526392e+03 -8.05990723e+02 1.99191345e+03
    -8.20425110e+02 1.99092664e+03 -8.29050049e+02 1.98871484e+03
    -8.42328430e+02 1.98261951e+03 -8.48429138e+02 1.98156665e+03
    -8.57002136e+02 1.98105273e+03 -1.92491675e+03 6.16582153e+02
    -1.92656311e+03 6.12229248e+02 -1.92264014e+03 6.00273987e+02
    -1.93435486e+03 6.04973999e+02 -1.94100940e+03 6.01702881e+02
    -9.19519043e+02 1.98479700e+03 -9.28958130e+02 1.98242004e+03
    -9.40452759e+02 1.98106165e+03 -9.54383606e+02 1.98114673e+03
    -9.64674744e+02 1.97553491e+03 -9.81860229e+02 1.97415283e+03
    -9.94077271e+02 1.97446301e+03 -1.00249359e+03 1.97010706e+03
    -1.01568384e+03 1.96938672e+03 -1.02774353e+03 1.96813037e+03
    -1.03976843e+03 1.96353015e+03 -1.05001782e+03 1.96283447e+03
    -1.06194043e+03 1.96259839e+03 -1.07215222e+03 1.95726379e+03
    -1.08431885e+03 1.95904944e+03 -1.09542249e+03 1.96182153e+03
    -1.10643506e+03 1.95182983e+03 -1.11934302e+03 1.95211560e+03
    -1.13461792e+03 1.95459863e+03 -1.14632422e+03 1.94703943e+03
    -1.15840051e+03 1.94535242e+03 -1.16968555e+03 1.94345349e+03
    -1.17928979e+03 1.93761450e+03 -1.19224890e+03 1.93300549e+03
    -2.15614429e+03 6.14073486e+02 -1.21836914e+03 1.92329260e+03
    -2.17484912e+03 6.13813904e+02 -1.24215210e+03 1.92385571e+03
    -1.25244312e+03 1.91751636e+03 -2.20680347e+03 6.21611877e+02
    -2.21021948e+03 6.20755249e+02 -2.22131104e+03 6.24888489e+02
    -2.22623926e+03 6.22332581e+02 -2.23412109e+03 6.21925720e+02
    -2.24423413e+03 6.21379089e+02 -2.25350488e+03 6.22503235e+02
    -2.26011548e+03 6.22317749e+02 -2.27172510e+03 6.21313171e+02
    -2.27872119e+03 6.22236511e+02 -2.28638477e+03 6.19906738e+02
    -2.29403149e+03 6.20145508e+02 -2.29378857e+03 6.19574036e+02
    -2.29675781e+03 6.13539185e+02 -2.29523364e+03 6.10910645e+02
    -2.29625464e+03 6.09071289e+02 -2.29872339e+03 6.08934753e+02
