<?xml version="1.0"?>
<opencv_storage>
<positions type_id="opencv-matrix">
  <rows>2723</rows>
  <cols>1</cols>
  <dt>"2f"</dt>
  <data>
    4.49523811e+01 1.28289526e+03 4.49523811e+01 1.28182861e+03
    4.36923103e+01 1.28246155e+03 4.32267303e+01 1.28366589e+03
    4.44952393e+01 1.28441907e+03 4.27699776e+01 1.28294434e+03
    4.41165047e+01 1.28388354e+03 4.44615402e+01 1.28276929e+03
    4.31304359e+01 1.28200964e+03 4.11318970e+01 1.28168823e+03
    4.20141144e+01 1.28195764e+03 4.19047623e+01 1.28182861e+03
    4.19154930e+01 1.28120190e+03 4.24672890e+01 1.28239246e+03
    4.24133034e+01 1.28182434e+03 4.20657272e+01 1.28180286e+03
    4.16744194e+01 1.28178601e+03 4.14117622e+01 1.28195764e+03
    4.14117622e+01 1.28090344e+03 4.13145561e+01 1.28195313e+03
    4.19572449e+01 1.28106421e+03 4.26666679e+01 1.28243811e+03
    4.25131912e+01 1.28214868e+03 4.26150131e+01 1.28154968e+03
    4.33301430e+01 1.28061243e+03 4.26666679e+01 1.27984766e+03
    4.39518089e+01 1.28046265e+03 4.33794785e+01 1.28091650e+03
    4.31238098e+01 1.28060962e+03 44. 1.28076929e+03 4.20094795e+01
    1.28288159e+03 4.38377113e+01 1.28045825e+03 4.38770676e+01
    1.27969739e+03 4.35260696e+01 1.28288159e+03 4.48752937e+01
    1.28135522e+03 4.49069214e+01 1.27908362e+03 4.51147537e+01
    1.27925049e+03 4.58215981e+01 1.27909863e+03 4.56926727e+01
    1.27984875e+03 4.48456078e+01 1.27954395e+03 4.35512199e+01
    1.27984387e+03 4.18280106e+01 1.27921375e+03 4.29758453e+01
    1.27984534e+03 4.43671494e+01 1.27706274e+03 4.49811325e+01
    1.27637732e+03 4.69951668e+01 1.28092749e+03 4.83018875e+01
    1.27954724e+03 4.38685455e+01 1.28766199e+03 4.58198624e+01
    1.28709473e+03 4.50045662e+01 1.28876709e+03 4.46545448e+01
    1.29323633e+03 4.12857170e+01 1.28857153e+03 4.20448456e+01
    1.29449329e+03 3.64113808e+01 1.29568494e+03 3.43982849e+01
    1.29685657e+03 3.24656982e+01 1.29463623e+03 3.29218102e+01
    1.29474890e+03 3.36293297e+01 1.29538086e+03 3.40828400e+01
    1.29767261e+03 2.09546356e+01 1.30234326e+03 2.37854404e+01
    1.30623755e+03 2.24415588e+01 1.30647864e+03 2.15338345e+01
    1.30887219e+03 2.35849724e+01 1.31205725e+03 1.11399317e+01
    1.31385657e+03 1.21418438e+01 1.32141846e+03 1.44163818e+01
    1.32204773e+03 1.45066671e+01 1.32053333e+03 1.52068377e+01
    1.32693335e+03 1.98947372e+01 1.32705261e+03 2.54117641e+01
    1.32705884e+03 3.15789471e+01 1.33473682e+03 4.69140282e+01
    1.33251282e+03 4.90666695e+01 1.33064355e+03 6.36150398e+01
    1.33062256e+03 7.37052917e+01 1.32971680e+03 7.63384247e+01
    1.32935376e+03 8.30716400e+01 1.33501440e+03 8.70819626e+01
    1.33359558e+03 9.07397308e+01 1.33146301e+03 8.20869598e+01
    1.34251599e+03 7.36723175e+01 1.34607910e+03 6.87929535e+01
    1.34907483e+03 6.03625183e+01 1.35294629e+03 5.57687836e+01
    1.35426587e+03 5.94956017e+01 1.35497949e+03 4.36140900e+01
    1.36007361e+03 4.22106857e+01 1.36373743e+03 2.84556961e+01
    1.36921521e+03 3.29696960e+01 1.37093604e+03 2.09801331e+01
    1.37557617e+03 3.16723537e+00 1.38233447e+03 -1.01477480e+01
    1.38309192e+03 -1.48965521e+01 1.38548962e+03 -1.61142864e+01
    1.38674292e+03 -2.96208172e+01 1.38908545e+03 -4.11263542e+01
    1.39448376e+03 -58. 1.39647058e+03 -6.90717010e+01 1.39676978e+03
    -9.03941574e+01 1.40321167e+03 -1.06865669e+02 1.40334326e+03
    -1.55045532e+02 1.41685974e+03 -2.08836426e+02 1.43465771e+03
    -1.30898117e+02 1.38795471e+03 -1.38058945e+02 1.38687622e+03
    -3.55275604e+02 1.48711816e+03 -3.85438202e+02 1.49916602e+03
    -4.08084229e+02 1.50947375e+03 -4.10250305e+02 1.51212891e+03
    -6.52588440e+02 5.54102478e+02 -1.49447418e+02 1.37993579e+03
    -1.46817093e+02 1.38054016e+03 -1.40778336e+02 1.37789502e+03
    -7.38733643e+02 5.68710205e+02 -7.59850952e+02 5.79577637e+02
    -1.27007751e+02 1.37128687e+03 -1.26945633e+02 1.36614160e+03
    -1.28414246e+02 1.36295154e+03 -1.22692184e+02 1.36247522e+03
    -1.27226250e+02 1.36113293e+03 -1.19604767e+02 1.35610217e+03
    -1.13637344e+02 1.35422620e+03 -1.10848923e+02 1.35182739e+03
    -9.95923996e+01 1.34709497e+03 -9.20079224e+02 6.18138611e+02
    -9.54074020e+01 1.33736292e+03 -8.45754929e+01 1.33411011e+03
    -7.85822830e+01 1.33011218e+03 -7.07106781e+01 1.32573206e+03
    -6.22481766e+01 1.32262769e+03 -5.59695816e+01 1.31723193e+03
    -5.35040016e+01 1.31161609e+03 -4.14043388e+01 1.30777124e+03
    -3.66272926e+01 1.30098584e+03 -3.21367531e+01 1.29818811e+03
    -2.33820457e+01 1.29803760e+03 -1.08630798e+03 6.66376343e+02
    -1.09476343e+03 6.59785522e+02 -9.61849689e+00 1.28308289e+03
    -8.85375500e+00 1.28379456e+03 -1.09875818e+03 5.96967407e+02
    -1.16610339e+03 6.74528870e+02 -7.60511923e+00 1.26818286e+03
    -9.66037750e+00 1.26224902e+03 -1.58303890e+01 1.24822620e+03 -16.
    1.24259155e+03 -1.29635038e+01 1.23316785e+03 -1.49257956e+01
    1.22448059e+03 -1.69749107e+01 1.21794983e+03 -1.49578543e+01
    1.21183142e+03 -1.51048946e+01 1.20179016e+03 -1.45051908e+01
    1.19629065e+03 -1.27765570e+01 1.18282788e+03 -1.28439112e+01
    1.17966382e+03 -1.33921497e+03 5.51835510e+02 -6.34128428e+00
    1.17348987e+03 -7.00170946e+00 1.16873853e+03 -1.39085291e+03
    5.31320740e+02 -8.49454594e+00 1.16666187e+03 -1.21025639e+01
    1.16441028e+03 -1.00470963e+01 1.17068762e+03 -1.59258108e+01
    1.16604639e+03 -2.42507114e+01 1.16512817e+03 -2.87403164e+01
    1.15512195e+03 -3.73333321e+01 1.14955933e+03 -4.45144348e+01
    1.14192126e+03 -4.71843147e+01 1.13510071e+03 -5.44585075e+01
    1.11671448e+03 -6.92053299e+01 1.09764270e+03 -7.40780640e+01
    1.08576038e+03 -8.03172760e+01 1.06352405e+03 -8.10909119e+01
    1.04709094e+03 -7.88751831e+01 1.02969299e+03 -9.40307693e+01
    1.02124310e+03 -9.55335312e+01 9.97597717e+02 -9.81460495e+01
    9.85752625e+02 -1.06768257e+02 9.76152405e+02 -1.11363914e+02
    9.56868530e+02 -1.10379753e+02 9.47139282e+02 -1.16087982e+02
    9.30869690e+02 -1.17384865e+02 9.14344604e+02 -1.23929329e+02
    9.07872803e+02 -1931. 6.82100037e+02 -1.24269577e+02 8.68488159e+02
    -1.20177773e+02 8.46222229e+02 -1.27604935e+02 8.28971191e+02
    -1.38156784e+02 8.14378601e+02 -1.46483307e+02 7.95913574e+02
    -1.49958160e+02 7.80853516e+02 -1.54729416e+02 7.71262817e+02
    -1.61554657e+02 7.60097168e+02 -1.65493561e+02 7.48772522e+02
    -1.68093384e+02 7.35252930e+02 -1.76155945e+02 7.25208557e+02
    -1.77878540e+02 7.13457520e+02 -1.65530106e+02 7.02508728e+02
    -1.52615387e+02 6.84923096e+02 -1.47540970e+02 6.79737671e+02
    -1.47382111e+02 6.64065002e+02 -1.37895584e+02 6.50923645e+02
    -1.43397491e+02 6.47631775e+02 -1.98506812e+03 5.96383850e+02
    -1.99391797e+03 5.96768250e+02 -2.00898816e+03 5.99798157e+02
    -1.29976837e+02 5.98362915e+02 -1.30730988e+02 5.85261597e+02
    -1.25866676e+02 5.76125549e+02 -1.23411766e+02 5.70823547e+02
    -1.20227699e+02 5.55719177e+02 -1.18495056e+02 5.44316833e+02
    -1.20338860e+02 5.30740356e+02 -1.24822693e+02 5.19829773e+02
    -1.28801422e+02 5.07878357e+02 -1.32712326e+02 4.97753418e+02
    -1.33526764e+02 4.88345428e+02 -1.34283630e+02 4.76974548e+02
    -1.37034012e+02 4.69224487e+02 -1.49512604e+02 4.60154633e+02
    -1.48475525e+02 4.46881104e+02 -1.55900162e+02 4.34688843e+02
    -1.65442169e+02 4.27755096e+02 -1.75446259e+02 4.17806915e+02
    -1.75006897e+02 4.13131042e+02 -1.87381439e+02 4.02254303e+02
    -1.91077484e+02 3.89535156e+02 -2.02905334e+02 3.81576599e+02
    -2.04397354e+02 3.72344360e+02 -2.16849823e+02 3.64542114e+02
    -2.23661972e+02 3.52225342e+02 -2.26657440e+02 3.47460205e+02
    -2.36474579e+02 3.43141235e+02 -2.43177704e+02 3.33491302e+02
    -2.46680710e+02 3.27410522e+02 -2.58808044e+02 3.18244995e+02
    -2.72302917e+02 3.11187592e+02 -2.83992950e+02 3.03971771e+02
    -3.01748138e+02 2.90488892e+02 -3.14875427e+02 2.77067627e+02
    -3.14764587e+02 2.75232056e+02 -3.39735199e+02 2.63916382e+02
    -3.44473755e+02 2.49069366e+02 -3.62629578e+02 2.43756531e+02
