<?xml version="1.0"?>
<opencv_storage>
<positions type_id="opencv-matrix">
  <rows>2723</rows>
  <cols>1</cols>
  <dt>"2f"</dt>
  <data>
    1.33911636e+02 2.04838550e+03 1.33677414e+02 2.04877417e+03
    1.33570847e+02 2.04735229e+03 1.33227097e+02 2.04991235e+03
    1.32883530e+02 2.04864258e+03 1.32893356e+02 2.04915894e+03
    1.33311737e+02 2.04903638e+03 1.32745499e+02 2.04928247e+03
    1.33570847e+02 2.04877734e+03 1.34168671e+02 2.04864258e+03
    1.33609558e+02 2.04927490e+03 1.34101410e+02 2.04683154e+03
    1.34231232e+02 2.04787012e+03 1.34607285e+02 2048. 1.34045181e+02
    2.04760583e+03 1.34256622e+02 2.04904297e+03 1.32755020e+02
    2.05031323e+03 1.34032776e+02 2.04773755e+03 1.32486603e+02
    2.04668054e+03 1.32459015e+02 2.04734412e+03 1.31312637e+02
    2.04733752e+03 1.31180130e+02 2.04932520e+03 1.31842651e+02
    2.04959009e+03 1.30794174e+02 2.04933057e+03 1.32477356e+02
    2.04931689e+03 1.31687241e+02 2.04865845e+03 1.32486603e+02
    2.04945166e+03 1.31505066e+02 2.05033667e+03 1.31642273e+02
    2.05008130e+03 1.32902695e+02 2.04839746e+03 1.30247925e+02
    2.05104126e+03 1.29836060e+02 2.05127856e+03 1.29341721e+02
    2.05269604e+03 1.31047623e+02 2.05290283e+03 1.29573761e+02
    2.05232764e+03 1.31173553e+02 2.05223120e+03 1.32702042e+02
    2.05244067e+03 1.31375244e+02 2.05358203e+03 1.30737274e+02
    2.05751538e+03 1.32096008e+02 2.05555200e+03 1.30441757e+02
    2.05583936e+03 1.30336716e+02 2.05981323e+03 1.30039841e+02
    2.06215137e+03 1.29140594e+02 2.06447534e+03 4.38324242e+01
    5.52801453e+02 4.37647057e+01 5.53058838e+02 1.25333344e+02
    2.06857153e+03 3.90786133e+01 5.58683716e+02 3.90857162e+01
    5.64571411e+02 3.88612633e+01 5.65275696e+02 3.52983742e+01
    5.67898743e+02 1.20861542e+02 2.08196924e+03 1.21980804e+02
    2.08128979e+03 2.61714287e+01 5.72571411e+02 2.68169003e+01
    5.81070435e+02 2.40411663e+01 5.84672424e+02 1.86202087e+01
    5.90606262e+02 1.69119167e+01 5.94680481e+02 1.30568562e+01
    5.91732422e+02 4.85517216e+00 5.93765503e+02 1.08474575e-01
    5.94657593e+02 -1.30612242e+00 5.99510193e+02 -1.01517239e+01
    5.96524109e+02 -1.58668880e+01 6.00492493e+02 -2.24692173e+01
    6.00492493e+02 -3.60068626e+01 5.98504333e+02 -4.25249176e+01
    5.99920227e+02 -5.24503326e+01 5.99417236e+02 -6.59896393e+01
    5.98217590e+02 -7.76904373e+01 5.94699158e+02 -7.94366150e+01
    5.92338013e+02 -9.77328491e+01 5.84086609e+02 -1.12135826e+02
    5.82954163e+02 -1.30431778e+02 5.75889465e+02 -1.42160278e+02
    5.73324036e+02 -1.47979965e+02 5.72260437e+02 -1.60106308e+02
    5.71853821e+02 -1.78555557e+02 5.63111145e+02 -1.97625214e+02
    5.57744629e+02 -2.10823532e+02 5.53098022e+02 -2.27531036e+02
    5.43668945e+02 -2.43199997e+02 5.41377075e+02 -2.58267303e+02
    5.36115967e+02 -2.73936981e+02 5.37472656e+02 -2.83173767e+02
    5.37704895e+02 -2.94812897e+02 5.31922546e+02 -3.15094086e+02
    5.33853638e+02 -3.21922272e+02 5.30544189e+02 -3.31757355e+02
    5.26863098e+02 -3.49697845e+02 5.26158264e+02 -3.61071320e+02
    5.29586121e+02 -3.65465057e+02 5.32279358e+02 -3.80543549e+02
    5.30508728e+02 -3.93234894e+02 5.29181213e+02 -3.98574280e+02
    5.37452148e+02 -4.17032257e+02 5.35361633e+02 -4.33030518e+02
    5.36623718e+02 -4.41802979e+02 5.39138550e+02 -4.56876709e+02
    5.41808228e+02 -4.73302307e+02 5.45275757e+02 -4.82976746e+02
    5.40279053e+02 -4.95483887e+02 5.51769104e+02 -5.14534668e+02
    5.47590759e+02 -5.38172180e+02 5.43046387e+02 -5.52409912e+02
    5.43100830e+02 -5.70859009e+02 5.50924561e+02 -5.89298706e+02
    5.46909119e+02 -6.06575317e+02 5.52219177e+02 -6.31606567e+02
    5.55960632e+02 -3.97835419e+02 2.06870850e+03 -6.72939575e+02
    5.52677002e+02 -6.94258606e+02 5.57983643e+02 -7.24407349e+02
    5.63819702e+02 -2.70432526e+02 2.12359326e+03 -2.55085709e+02
    2.13005713e+03 -7.74916138e+02 5.85393555e+02 -7.94359009e+02
    5.93025635e+02 -8.14580444e+02 6.00926331e+02 -8.34203430e+02
    6.06147095e+02 -8.52585999e+02 6.20127380e+02 -8.66194580e+02
    6.14992004e+02 -8.82415039e+02 6.23094299e+02 -9.06528992e+02
    6.42167725e+02 -9.19547119e+02 6.42616333e+02 -1.39569238e+03
    1.73784619e+03 -9.55823853e+02 6.54825439e+02 -9.66778809e+02
    6.54056030e+02 -9.92785278e+02 6.79263794e+02 -1.00304517e+03
    6.76025818e+02 -1.00534528e+03 6.63724976e+02 -1.01369250e+03
    6.63988281e+02 -1.02742139e+03 6.65157227e+02 -1.03726221e+03
    6.67328125e+02 -1.04997241e+03 6.73323120e+02 -1.05631580e+03
    6.64526306e+02 -1.07524109e+03 6.74469421e+02 -2.46800018e+02 2148.
    -2.54672211e+02 2.14692139e+03 -1.11699548e+03 6.73859924e+02
    -1.13413733e+03 6.78017944e+02 -1.67630774e+03 1.57538464e+03
    -2.73514618e+02 2.14394482e+03 -1.19211804e+03 6.84082581e+02
    -1.19791077e+03 6.73428101e+02 -1.21987231e+03 6.72268921e+02
    -1.24426392e+03 6.88081177e+02 -1.26815234e+03 6.89605530e+02
    -1.28208813e+03 6.79882568e+02 -1.30129822e+03 6.78273438e+02
    -1.30952991e+03 6.65936829e+02 -1.33979346e+03 6.80863831e+02
    -1.36108691e+03 6.80543457e+02 -1.39257947e+03 7.07930725e+02
    -1.39866882e+03 6.80266296e+02 -1.88274622e+03 1.44716418e+03
    -1.44698364e+03 6.87322449e+02 -1.48807312e+03 7.12085266e+02
    -1.95502710e+03 1.42572974e+03 -1.53902063e+03 7.30902649e+02
    -1.56897241e+03 7.36046265e+02 -1.56895520e+03 7.01229858e+02
    -1.59474915e+03 7.05882324e+02 -1.60520239e+03 6.90257629e+02
    -1.62633142e+03 7.02628540e+02 -1.62112317e+03 6.56289001e+02
    -1.65824097e+03 6.82635681e+02 -1.69018970e+03 6.93420044e+02
    -1.73529907e+03 7.17974976e+02 -1.75502991e+03 7.12021790e+02
    -1.79639294e+03 7.38454895e+02 -1.79537866e+03 7.09019592e+02
    -1.81268005e+03 7.01353760e+02 -1.84159766e+03 7.13919556e+02
    -1.86887634e+03 7.19356201e+02 -1.87227588e+03 7.18160889e+02
    -1.88502441e+03 7.22678101e+02 -1.89290503e+03 7.11567871e+02
    -1.90960010e+03 7.26222229e+02 -1.92655469e+03 7.24210510e+02
    -1.92190479e+03 7.07142883e+02 -1.93072949e+03 7.09364746e+02
    -1.93097400e+03 7.00311218e+02 -7.97328186e+02 1.99717285e+03
    -1.93786499e+03 6.79067444e+02 -1.92716724e+03 6.62914856e+02
    -1.93282056e+03 6.54769226e+02 -1.94126672e+03 6.54876770e+02
    -1.92315930e+03 6.37248413e+02 -1.91978223e+03 6.21496582e+02
    -1.92123291e+03 6.13436035e+02 -1.93199292e+03 6.17134827e+02
    -1.92011682e+03 6.01343079e+02 -1.93109961e+03 6.04457581e+02
    -1.94469568e+03 6.04289856e+02 -1.94463452e+03 5.96177979e+02
    -1.95105542e+03 5.99734314e+02 -1.95513721e+03 6.00983948e+02
    -1.96192334e+03 6.00641113e+02 -1.96967163e+03 6.02427856e+02
    -1.97460925e+03 6.00905884e+02 -1.98828650e+03 6.06305298e+02
    -1.00331036e+03 1968. -1.01692035e+03 1.96856641e+03 -1.02831628e+03
    1.97134888e+03 -1.04011194e+03 1.96117493e+03 -1.04971960e+03
    1.96022424e+03 -1.06323083e+03 1.96123083e+03 -1.07283069e+03
    1.95712866e+03 -1.08500671e+03 1.95976843e+03 -1.09760742e+03
    1.96301147e+03 -1.10452979e+03 1.95009277e+03 -1.11690784e+03
    1.95120898e+03 -1.13328308e+03 1.94747168e+03 -1.14824377e+03
    1.94947180e+03 -1.15784473e+03 1.94469397e+03 -1.17101453e+03
    1.94226086e+03 -1.18148474e+03 1.93537122e+03 -1.19584680e+03
    1.93116589e+03 -1.20320007e+03 1.92474609e+03 -1.22160181e+03
    1.92378125e+03 -1.23718921e+03 1.92965771e+03 -1.24366748e+03
    1.92364856e+03 -1.25269531e+03 1.91422131e+03 -1.26680261e+03
    1.91247888e+03 -1.27912720e+03 1.90836353e+03 -1.29482251e+03
    1.90573157e+03 -1.30772864e+03 1.90669592e+03 -1310. 1.90292310e+03
    -1.32884961e+03 1.89734509e+03 -1.34020227e+03 1.89763525e+03
    -1.35280188e+03 1.89448950e+03 -1.36567737e+03 1.88475574e+03
    -1.37706165e+03 1.88360193e+03 -1.38971436e+03 1.87335596e+03
    -1.40219507e+03 1.86020862e+03 -1.41570911e+03 1.85803625e+03
    -1.42815393e+03 1.84953857e+03 -1.43992407e+03 1.84323047e+03
    -1.45389270e+03 1.83102441e+03 -1.46803101e+03 1.83185535e+03
