<?xml version="1.0"?>
<opencv_storage>
<CameraMatrix type_id="opencv-matrix">
  <rows>3</rows>
  <cols>3</cols>
  <dt>d</dt>
  <data>
    4.9201439572611878e+02 0. 3.3405943561081989e+02 0.
    4.9467000692065380e+02 2.2476921266426083e+02 0. 0. 1.</data></CameraMatrix>
<DistortionCoeffs type_id="opencv-matrix">
  <rows>5</rows>
  <cols>1</cols>
  <dt>d</dt>
  <data>
    -3.6658056622170831e-01 2.0066578407812355e-01 0. 0.
    -7.2698537949186223e-02</data></DistortionCoeffs>
</opencv_storage>
