<?xml version="1.0"?>
<opencv_storage>
<CornersAmount>48</CornersAmount>
<Corner_0>
  399 411</Corner_0>
<Corner_1>
  398 401</Corner_1>
<Corner_2>
  397 391</Corner_2>
<Corner_3>
  396 381</Corner_3>
<Corner_4>
  395 371</Corner_4>
<Corner_5>
  394 361</Corner_5>
<Corner_6>
  393 351</Corner_6>
<Corner_7>
  393 342</Corner_7>
<Corner_8>
  416 410</Corner_8>
<Corner_9>
  414 400</Corner_9>
<Corner_10>
  413 390</Corner_10>
<Corner_11>
  412 380</Corner_11>
<Corner_12>
  410 370</Corner_12>
<Corner_13>
  409 360</Corner_13>
<Corner_14>
  408 350</Corner_14>
<Corner_15>
  407 341</Corner_15>
<Corner_16>
  434 409</Corner_16>
<Corner_17>
  432 399</Corner_17>
<Corner_18>
  430 389</Corner_18>
<Corner_19>
  428 379</Corner_19>
<Corner_20>
  427 370</Corner_20>
<Corner_21>
  425 360</Corner_21>
<Corner_22>
  423 350</Corner_22>
<Corner_23>
  422 341</Corner_23>
<Corner_24>
  452 409</Corner_24>
<Corner_25>
  449 399</Corner_25>
<Corner_26>
  447 389</Corner_26>
<Corner_27>
  445 379</Corner_27>
<Corner_28>
  443 370</Corner_28>
<Corner_29>
  441 360</Corner_29>
<Corner_30>
  439 350</Corner_30>
<Corner_31>
  437 341</Corner_31>
<Corner_32>
  470 408</Corner_32>
<Corner_33>
  467 398</Corner_33>
<Corner_34>
  464 388</Corner_34>
<Corner_35>
  462 379</Corner_35>
<Corner_36>
  459 369</Corner_36>
<Corner_37>
  457 360</Corner_37>
<Corner_38>
  454 350</Corner_38>
<Corner_39>
  452 341</Corner_39>
<Corner_40>
  488 408</Corner_40>
<Corner_41>
  485 398</Corner_41>
<Corner_42>
  482 388</Corner_42>
<Corner_43>
  479 379</Corner_43>
<Corner_44>
  476 369</Corner_44>
<Corner_45>
  473 360</Corner_45>
<Corner_46>
  470 350</Corner_46>
<Corner_47>
  467 341</Corner_47>
</opencv_storage>
