<?xml version="1.0"?>
<opencv_storage>
<CornersAmount>48</CornersAmount>
<Corner_0>
  399 411</Corner_0>
<Corner_1>
  398 401</Corner_1>
<Corner_2>
  397 391</Corner_2>
<Corner_3>
  396 381</Corner_3>
<Corner_4>
  395 371</Corner_4>
<Corner_5>
  394 361</Corner_5>
<Corner_6>
  393 351</Corner_6>
<Corner_7>
  392 342</Corner_7>
<Corner_8>
  417 410</Corner_8>
<Corner_9>
  415 400</Corner_9>
<Corner_10>
  413 390</Corner_10>
<Corner_11>
  412 380</Corner_11>
<Corner_12>
  410 371</Corner_12>
<Corner_13>
  409 361</Corner_13>
<Corner_14>
  407 351</Corner_14>
<Corner_15>
  406 342</Corner_15>
<Corner_16>
  435 409</Corner_16>
<Corner_17>
  433 399</Corner_17>
<Corner_18>
  431 389</Corner_18>
<Corner_19>
  429 380</Corner_19>
<Corner_20>
  427 370</Corner_20>
<Corner_21>
  425 361</Corner_21>
<Corner_22>
  423 351</Corner_22>
<Corner_23>
  421 342</Corner_23>
<Corner_24>
  453 409</Corner_24>
<Corner_25>
  450 399</Corner_25>
<Corner_26>
  448 389</Corner_26>
<Corner_27>
  445 380</Corner_27>
<Corner_28>
  443 370</Corner_28>
<Corner_29>
  440 361</Corner_29>
<Corner_30>
  438 351</Corner_30>
<Corner_31>
  436 342</Corner_31>
<Corner_32>
  471 408</Corner_32>
<Corner_33>
  468 398</Corner_33>
<Corner_34>
  465 389</Corner_34>
<Corner_35>
  462 379</Corner_35>
<Corner_36>
  459 370</Corner_36>
<Corner_37>
  456 360</Corner_37>
<Corner_38>
  453 351</Corner_38>
<Corner_39>
  451 342</Corner_39>
<Corner_40>
  489 408</Corner_40>
<Corner_41>
  485 398</Corner_41>
<Corner_42>
  482 389</Corner_42>
<Corner_43>
  479 379</Corner_43>
<Corner_44>
  475 370</Corner_44>
<Corner_45>
  472 360</Corner_45>
<Corner_46>
  469 351</Corner_46>
<Corner_47>
  466 342</Corner_47>
</opencv_storage>
