<?xml version="1.0"?>
<opencv_storage>
<CornersAmount>48</CornersAmount>
<Corner_0>
  273 399</Corner_0>
<Corner_1>
  275 406</Corner_1>
<Corner_2>
  278 413</Corner_2>
<Corner_3>
  281 420</Corner_3>
<Corner_4>
  284 428</Corner_4>
<Corner_5>
  287 435</Corner_5>
<Corner_6>
  290 442</Corner_6>
<Corner_7>
  293 450</Corner_7>
<Corner_8>
  257 400</Corner_8>
<Corner_9>
  259 407</Corner_9>
<Corner_10>
  261 414</Corner_10>
<Corner_11>
  263 421</Corner_11>
<Corner_12>
  265 429</Corner_12>
<Corner_13>
  267 436</Corner_13>
<Corner_14>
  269 443</Corner_14>
<Corner_15>
  272 451</Corner_15>
<Corner_16>
  241 401</Corner_16>
<Corner_17>
  242 408</Corner_17>
<Corner_18>
  244 415</Corner_18>
<Corner_19>
  245 423</Corner_19>
<Corner_20>
  247 430</Corner_20>
<Corner_21>
  248 438</Corner_21>
<Corner_22>
  250 445</Corner_22>
<Corner_23>
  252 453</Corner_23>
<Corner_24>
  225 402</Corner_24>
<Corner_25>
  226 409</Corner_25>
<Corner_26>
  227 416</Corner_26>
<Corner_27>
  228 424</Corner_27>
<Corner_28>
  229 431</Corner_28>
<Corner_29>
  230 439</Corner_29>
<Corner_30>
  231 446</Corner_30>
<Corner_31>
  232 454</Corner_31>
<Corner_32>
  209 403</Corner_32>
<Corner_33>
  209 410</Corner_33>
<Corner_34>
  209 418</Corner_34>
<Corner_35>
  210 425</Corner_35>
<Corner_36>
  210 433</Corner_36>
<Corner_37>
  211 440</Corner_37>
<Corner_38>
  211 448</Corner_38>
<Corner_39>
  212 456</Corner_39>
<Corner_40>
  193 405</Corner_40>
<Corner_41>
  192 412</Corner_41>
<Corner_42>
  192 420</Corner_42>
<Corner_43>
  192 427</Corner_43>
<Corner_44>
  192 435</Corner_44>
<Corner_45>
  192 442</Corner_45>
<Corner_46>
  192 450</Corner_46>
<Corner_47>
  192 458</Corner_47>
</opencv_storage>
