<?xml version="1.0"?>
<opencv_storage>
<CornersAmount>48</CornersAmount>
<Corner_0>
  192 457</Corner_0>
<Corner_1>
  192 449</Corner_1>
<Corner_2>
  192 441</Corner_2>
<Corner_3>
  192 434</Corner_3>
<Corner_4>
  192 426</Corner_4>
<Corner_5>
  192 419</Corner_5>
<Corner_6>
  192 411</Corner_6>
<Corner_7>
  193 404</Corner_7>
<Corner_8>
  212 455</Corner_8>
<Corner_9>
  211 447</Corner_9>
<Corner_10>
  211 440</Corner_10>
<Corner_11>
  210 432</Corner_11>
<Corner_12>
  210 425</Corner_12>
<Corner_13>
  209 417</Corner_13>
<Corner_14>
  209 410</Corner_14>
<Corner_15>
  209 403</Corner_15>
<Corner_16>
  232 454</Corner_16>
<Corner_17>
  231 446</Corner_17>
<Corner_18>
  230 439</Corner_18>
<Corner_19>
  229 431</Corner_19>
<Corner_20>
  228 424</Corner_20>
<Corner_21>
  227 416</Corner_21>
<Corner_22>
  226 409</Corner_22>
<Corner_23>
  225 402</Corner_23>
<Corner_24>
  252 452</Corner_24>
<Corner_25>
  250 444</Corner_25>
<Corner_26>
  248 437</Corner_26>
<Corner_27>
  247 430</Corner_27>
<Corner_28>
  245 422</Corner_28>
<Corner_29>
  244 415</Corner_29>
<Corner_30>
  242 408</Corner_30>
<Corner_31>
  241 401</Corner_31>
<Corner_32>
  272 451</Corner_32>
<Corner_33>
  269 443</Corner_33>
<Corner_34>
  267 436</Corner_34>
<Corner_35>
  265 429</Corner_35>
<Corner_36>
  263 421</Corner_36>
<Corner_37>
  261 414</Corner_37>
<Corner_38>
  259 407</Corner_38>
<Corner_39>
  257 400</Corner_39>
<Corner_40>
  292 450</Corner_40>
<Corner_41>
  289 442</Corner_41>
<Corner_42>
  286 435</Corner_42>
<Corner_43>
  284 428</Corner_43>
<Corner_44>
  281 420</Corner_44>
<Corner_45>
  279 413</Corner_45>
<Corner_46>
  276 406</Corner_46>
<Corner_47>
  274 399</Corner_47>
</opencv_storage>
