<?xml version="1.0"?>
<opencv_storage>
<CameraMatrix type_id="opencv-matrix">
  <rows>3</rows>
  <cols>3</cols>
  <dt>d</dt>
  <data>
    4.9019140468132451e+02 0. 3.2264088303385626e+02 0.
    4.8904660404707789e+02 2.3555494768411833e+02 0. 0. 1.</data></CameraMatrix>
<DistortionCoeffs type_id="opencv-matrix">
  <rows>5</rows>
  <cols>1</cols>
  <dt>d</dt>
  <data>
    -3.5649600733231129e-01 1.6222865351787438e-01 0. 0.
    -3.6138605658506996e-02</data></DistortionCoeffs>
</opencv_storage>
