<?xml version="1.0"?>
<opencv_storage>
<covs0 type_id="opencv-matrix">
  <rows>3</rows>
  <cols>3</cols>
  <dt>d</dt>
  <data>
    3.9754304496167100e+02 0. 0. 0. 3.9754304496167100e+02 0. 0. 0.
    3.9754304496167100e+02</data></covs0>
<covs1 type_id="opencv-matrix">
  <rows>3</rows>
  <cols>3</cols>
  <dt>d</dt>
  <data>
    7.8667483019754457e+02 0. 0. 0. 7.8667483019754457e+02 0. 0. 0.
    7.8667483019754457e+02</data></covs1>
<covs2 type_id="opencv-matrix">
  <rows>3</rows>
  <cols>3</cols>
  <dt>d</dt>
  <data>
    4.5691927035210125e+02 0. 0. 0. 4.5691927035210125e+02 0. 0. 0.
    4.5691927035210125e+02</data></covs2>
</opencv_storage>
