<?xml version="1.0"?>
<opencv_storage>
<means type_id="opencv-matrix">
  <rows>3</rows>
  <cols>3</cols>
  <dt>d</dt>
  <data>
    1.0246269620453207e+02 1.2382731848112388e+02 9.9820454688052280e+01
    7.9100250083135762e+01 3.3698640907151109e+01 8.4341191897437668e+01
    1.0216093240078462e+02 1.0468030583659566e+02 1.4571532524190508e+02</data></means>
</opencv_storage>
