<?xml version="1.0"?>
<opencv_storage>
<means type_id="opencv-matrix">
  <rows>3</rows>
  <cols>3</cols>
  <dt>d</dt>
  <data>
    1.0070346110880332e+02 1.1902834750994614e+02 8.4025569303578379e+01
    9.0751208040410091e+01 4.2500455712192448e+01 1.2122034007889576e+02
    1.0443956842080529e+02 7.1216347649923478e+01 6.5053911448062962e+01</data></means>
</opencv_storage>
