<?xml version="1.0"?>
<opencv_storage>
<calibration_time>"Fri Feb 25 18:12:57 2022"</calibration_time>
<nr_of_frames>21</nr_of_frames>
<image_width>644</image_width>
<image_height>486</image_height>
<board_width>8</board_width>
<board_height>6</board_height>
<square_size>115.</square_size>
<!-- flags: +zero_tangent_dist +fix_k4 +fix_k5 -->
<flags>6152</flags>
<fisheye_model>0</fisheye_model>
<camera_matrix type_id="opencv-matrix">
  <rows>3</rows>
  <cols>3</cols>
  <dt>d</dt>
  <data>
    4.9201439572611878e+02 0. 3.3405943561081989e+02 0.
    4.9467000692065380e+02 2.2476921266426083e+02 0. 0. 1.</data></camera_matrix>
<distortion_coefficients type_id="opencv-matrix">
  <rows>5</rows>
  <cols>1</cols>
  <dt>d</dt>
  <data>
    -3.6658056622170831e-01 2.0066578407812355e-01 0. 0.
    -7.2698537949186223e-02</data></distortion_coefficients>
<avg_reprojection_error>2.9224308041287150e-01</avg_reprojection_error>
<per_view_reprojection_errors type_id="opencv-matrix">
  <rows>21</rows>
  <cols>1</cols>
  <dt>f</dt>
  <data>
    1.69340432e-01 1.59664422e-01 1.14376575e-01 1.35059536e-01
    1.28836259e-01 1.22073852e-01 2.72326946e-01 2.13878408e-01
    7.82620788e-01 1.98854476e-01 1.78161129e-01 1.79666251e-01
    1.79376513e-01 2.41676748e-01 2.57073969e-01 2.60392427e-01
    3.33336979e-01 4.25620556e-01 3.68112713e-01 3.01146775e-01
    3.12458515e-01</data></per_view_reprojection_errors>
<!-- a set of 6-tuples (rotation vector + translation vector) for each view -->
<extrinsic_parameters type_id="opencv-matrix">
  <rows>21</rows>
  <cols>6</cols>
  <dt>d</dt>
  <data>
    1.7611507637484494e-01 4.7248407822831223e-01 4.7729682884019844e-03
    -4.2451782649937127e+02 6.9945294105449349e+01
    1.8911868238757747e+03 -2.8385050090544933e-01
    4.2199847059204071e-01 1.1386052819179282e-01
    -3.3908314537708810e+02 1.3428747698539019e+02
    2.0146209565433096e+03 -1.9912667518310448e-01
    2.2628297887067364e-01 3.1294092295446711e-02
    -4.1784032623723937e+02 1.5707253803396333e+02
    1.9669112129655080e+03 -7.9983303442771728e-02
    -2.3760353152007199e-01 -7.6008390859781449e-02
    -6.7480577120317673e+02 1.6694271902535849e+02
    1.7099054747723233e+03 -1.3896284120810670e-01
    -5.9746222107450164e-01 -1.8458748609920428e-01
    -8.4591361006775992e+02 2.1044471668166156e+02
    1.5371885084201353e+03 -2.1780877910500510e-01
    -1.4430585526871334e-01 -7.6213788382728159e-02
    -7.3070862877949958e+02 1.6791583672178660e+02
    1.7791055617860816e+03 -3.7418848960622919e-01
    7.7050391267197627e-01 1.2810413565460774e-01 7.1751384867693613e+00
    2.2931703599598345e+02 2.0545536836583419e+03
    -2.9086409220953702e-01 7.9276925279920185e-01
    9.0401931559323023e-02 -2.2787838004625291e+02
    2.7665311796877624e+01 2.2537212298841105e+03
    -1.0862602429488223e-02 8.5557229840074500e-01
    3.0104057551231617e-01 -3.1766201215205319e+02
    -1.9512072670189343e+02 1.8843244616806292e+03
    -1.2265789549500976e-03 -4.1060458519829213e-01
    9.8836562573705340e-03 -5.9934789078788788e+02
    -2.0398810611484080e+02 1.0746813881999083e+03
    -2.5701400019724058e-02 -4.0596995191279633e-01
    -6.3938700161544335e-02 -8.2662324781416464e+02
    -3.5344183478130731e+01 1.1025506455798395e+03
    -4.4669116937726669e-02 -5.5343134892179180e-01
    -1.3171338430932039e-01 -7.6494523426385990e+02
    6.7371720248440443e+00 1.1252782724059991e+03
    -3.6158456563968983e-01 -5.5203231007212938e-01
    -3.4504825347150431e-01 -8.9579222797932096e+02
    1.3627281060717814e+02 1.1939409682900216e+03
    -2.0453717212351067e-02 6.5246532123763390e-01
    1.5345227199648437e-01 -1.0674088986754536e+02
    -4.3150170567024435e+02 1.5698104964363727e+03
    -6.8658421786870639e-03 4.4752830820546341e-01
    2.2421908600281495e-02 -1.5672889196941458e+02
    -4.3841058823893138e+02 1.5358405605356136e+03
    7.4597745855390729e-01 2.3721271107072869e-01
    -6.9613462441412657e-02 -1.9270993621940494e+02
    -4.7788781916586834e+02 1.2068650361923355e+03
    9.1472831962155121e-01 3.4920491201394432e-01
    -1.5696018925190103e-01 -2.4959890290786575e+02
    -3.7166894517283413e+02 1.1568948038424646e+03
    8.0843608965386726e-01 -9.1245216715941879e-01
    2.7619699814810950e-01 -4.4100959414374518e+02
    -3.8443038406092614e+02 9.7579534320097196e+02
    8.3713100910067961e-01 -7.4896987095708178e-01
    2.1813054187880271e-01 -5.1258687179900176e+02
    -3.7703760016790176e+02 9.7205860621783313e+02
    8.5427579752442062e-01 -3.2925250380030763e-01
    6.3600522971125936e-02 -5.5077415083760729e+02
    -3.8549282295145969e+02 1.0640788484718314e+03
    8.8728877021928443e-01 -1.5232461322790278e-01
    4.5741551162163538e-02 -5.9419397319356801e+02
    -3.9125458362443885e+02 1.1109853871586718e+03</data></extrinsic_parameters>
