<?xml version="1.0"?>
<opencv_storage>
<calibration_time>"Fri Feb 25 17:44:49 2022"</calibration_time>
<nr_of_frames>23</nr_of_frames>
<image_width>644</image_width>
<image_height>486</image_height>
<board_width>8</board_width>
<board_height>6</board_height>
<square_size>50.</square_size>
<!-- flags: +zero_tangent_dist +fix_k4 +fix_k5 -->
<flags>6152</flags>
<fisheye_model>0</fisheye_model>
<camera_matrix type_id="opencv-matrix">
  <rows>3</rows>
  <cols>3</cols>
  <dt>d</dt>
  <data>
    4.8792045277358028e+02 0. 3.2988930996876212e+02 0.
    4.9017412759514355e+02 2.3193408525278588e+02 0. 0. 1.</data></camera_matrix>
<distortion_coefficients type_id="opencv-matrix">
  <rows>5</rows>
  <cols>1</cols>
  <dt>d</dt>
  <data>
    -3.7052811381318607e-01 2.1162507618169599e-01 0. 0.
    -8.3245698761053574e-02</data></distortion_coefficients>
<avg_reprojection_error>1.5344493406953516e-01</avg_reprojection_error>
<per_view_reprojection_errors type_id="opencv-matrix">
  <rows>23</rows>
  <cols>1</cols>
  <dt>f</dt>
  <data>
    1.00781500e-01 9.32667181e-02 1.46318182e-01 1.11956879e-01
    1.33712858e-01 1.59618959e-01 1.42655730e-01 1.43328428e-01
    2.84746855e-01 1.65640533e-01 2.21346587e-01 1.31861582e-01
    1.21730171e-01 2.07121581e-01 1.18981883e-01 1.32538795e-01
    1.06751330e-01 1.28443956e-01 1.56813592e-01 1.87732637e-01
    1.32127762e-01 1.34691909e-01 1.29713044e-01</data></per_view_reprojection_errors>
<!-- a set of 6-tuples (rotation vector + translation vector) for each view -->
<extrinsic_parameters type_id="opencv-matrix">
  <rows>23</rows>
  <cols>6</cols>
  <dt>d</dt>
  <data>
    -6.1541069486008362e-02 -1.2038255862434366e-01
    2.0437057153615826e-02 -2.7986967716415677e+02
    2.9315361506778544e+01 7.5547370899505881e+02 4.2444675386151508e-02
    -3.3051919322589629e-01 -4.7492537224045756e-03
    -4.3167091083451106e+02 4.3368807988608097e+01
    6.7704730791316410e+02 3.0628816024914041e-01
    -2.9933179563007173e-01 2.1203386274642581e-02
    -4.0505245997577941e+02 -2.0954045177377623e+02
    5.8775739433527099e+02 -2.3954144517759116e-03
    -1.0859612398518828e-01 -9.7345359068619559e-04
    -3.0877942728316168e+02 -2.0372290829883974e+02
    7.0239770756809207e+02 5.6796518561810151e-02 4.3706821081850578e-01
    -3.8610718287311510e-02 -5.8871011225010768e+01
    -1.7907043412400040e+02 7.4061126148525238e+02
    1.0131578423931933e-02 6.8682055192562330e-01
    -4.7140943538085255e-02 3.8532720045055662e+01
    -1.7993338845385077e+02 7.7555236178524956e+02
    2.1817421657155373e-01 5.7476172667484726e-01
    -6.1032727600854146e-02 5.4773499563447405e+00
    -1.6947689375339479e+02 7.1703908962664082e+02
    2.3408785997824275e-01 5.8521574415415423e-01
    -3.3762454081978699e-02 1.8724059342640420e+01
    -1.7592059361689422e+02 7.1749958812916270e+02
    4.3941947989867058e-01 -7.2654011663109730e-01
    1.4710749341288162e-01 -2.4748055677927994e+02
    -9.5098173523785704e+01 5.3003474799553646e+02
    -6.5057919696629718e-01 -1.1862183276684407e-01
    9.1745593248633659e-03 -2.0004460299501289e+02
    2.5668072473377030e+01 8.7194158330399591e+02
    -1.5405948520112825e-01 -6.6962634853124015e-01
    -3.4079499680450386e-03 -1.5308780758994001e+01
    3.2721976764653711e+01 6.5162860379310712e+02
    -6.7923062593444716e-02 5.4332610421673866e-01
    4.1625262877031582e-02 -6.1266288480081968e+01
    4.0046117715259356e+01 8.3957009948243558e+02
    -3.4544770244450955e-02 1.0134220034255702e-01
    1.2809576747324088e-02 -1.1270932526390484e+02
    4.6197999458048526e+00 7.0082132542030558e+02 4.4944732253912811e-01
    8.1425473953542937e-02 -1.9756220422975972e-02
    -1.2792021440640458e+02 4.7169255502482592e+01
    6.4795542638967220e+02 5.1813092444655998e-02
    -2.6629240137824423e-03 -1.3897197969219175e-02
    3.6567601122334985e+01 4.4470529344084987e+01 7.0722799087991302e+02
    -5.6967533740011338e-02 -1.2966166008921256e-02
    7.6109375492048586e-03 -9.8164418922148897e+01
    3.9433671295968999e+01 7.3672926171932340e+02
    -9.1664603581447963e-03 -5.7467110333701769e-02
    4.8122878382591818e-03 -2.7044285053183825e+02
    3.9220435747751772e+01 7.2097699764722699e+02
    -1.7226915072631004e-02 3.1389633642374010e-01
    1.4840028943716029e-02 -3.6678783369347576e+02
    3.7149304240356791e+01 7.9070295015542558e+02
    -7.3783223079019411e-02 -7.5084838174779533e-01
    -5.3325152407057742e-02 -2.6827457289156263e+02
    4.0269202723949292e+01 6.3148830972896019e+02
    -1.3209215904847307e-01 -9.2996255065847688e-01
    -6.5967125412724578e-02 -2.2543759491709159e+02
    3.7722321309807661e+01 6.3011047451352067e+02
    -9.3495740788490211e-02 -6.3111931462343188e-02
    -1.3424875600741165e-03 -4.8920390203227385e+01
    3.5769349479967978e+01 6.9836156191100622e+02
    -2.6322043264596213e-02 7.8363097173301755e-01
    3.4253394034522600e-02 7.9360605704795447e+01 3.2130996331379336e+01
    8.4343764792829143e+02 -2.9330256965398208e-02
    7.5637963757762605e-01 1.3782245820986947e-02 4.7665297714938852e+01
    3.7405180590388397e+01 8.5653795733455297e+02</data></extrinsic_parameters>
