<?xml version="1.0"?>
<opencv_storage>
<calibration_time>"Fri Feb 25 18:04:50 2022"</calibration_time>
<nr_of_frames>24</nr_of_frames>
<image_width>644</image_width>
<image_height>486</image_height>
<board_width>8</board_width>
<board_height>6</board_height>
<square_size>115.</square_size>
<!-- flags: +zero_tangent_dist +fix_k4 +fix_k5 -->
<flags>6152</flags>
<fisheye_model>0</fisheye_model>
<camera_matrix type_id="opencv-matrix">
  <rows>3</rows>
  <cols>3</cols>
  <dt>d</dt>
  <data>
    4.9074987338201981e+02 0. 3.4344568855308148e+02 0.
    4.9306370664392921e+02 2.3828794865447583e+02 0. 0. 1.</data></camera_matrix>
<distortion_coefficients type_id="opencv-matrix">
  <rows>5</rows>
  <cols>1</cols>
  <dt>d</dt>
  <data>
    -3.7505942611891069e-01 2.1173057148857319e-01 0. 0.
    -7.2966886650446122e-02</data></distortion_coefficients>
<avg_reprojection_error>2.3941027691781688e-01</avg_reprojection_error>
<per_view_reprojection_errors type_id="opencv-matrix">
  <rows>24</rows>
  <cols>1</cols>
  <dt>f</dt>
  <data>
    2.13342398e-01 1.66409820e-01 1.64513871e-01 1.39755309e-01
    1.93484172e-01 2.00995833e-01 1.85514539e-01 1.66228414e-01
    2.03827351e-01 2.58943766e-01 1.70578793e-01 1.73313573e-01
    3.08677882e-01 2.70467639e-01 3.05077314e-01 2.61374503e-01
    3.04852217e-01 3.07236671e-01 1.86058283e-01 3.07042301e-01
    2.53042996e-01 2.74278283e-01 2.34204963e-01 3.28693211e-01</data></per_view_reprojection_errors>
<!-- a set of 6-tuples (rotation vector + translation vector) for each view -->
<extrinsic_parameters type_id="opencv-matrix">
  <rows>24</rows>
  <cols>6</cols>
  <dt>d</dt>
  <data>
    2.1773193983295164e-01 -3.4894854975037159e-01
    -6.4533934510141958e-02 -4.9504597764828162e+02
    1.0593206860555620e+02 1.1857799573114703e+03
    -2.8809813927975918e-02 -7.7651140538614660e-02
    -6.6436688718357253e-03 -5.3962847619879199e+02
    -3.7179301368319591e+02 1.2400556682543443e+03
    6.9343668595308258e-02 -1.2716247110197526e-01
    -4.1145420887972149e-02 -4.9281290098586283e+02
    -4.0277196446127908e+02 1.2605280922381244e+03
    3.8827601013539784e-02 -1.7990557844535982e-01
    4.0035550346744558e-03 -5.8409506016601347e+02
    -9.5483187824357543e+01 1.2574268600825524e+03
    -1.0462118327027273e-01 -3.7954126000679544e-01
    -5.4769802540941215e-02 -7.8950341415626019e+02
    -3.5714269999754990e+01 9.8091081954731487e+02
    -3.9032146052642699e-02 -3.7894119695226086e-01
    -9.3406409572259264e-02 -6.2580372573098543e+02
    -1.4128815364116380e+02 1.0266840713404031e+03
    1.3402061829899747e-01 -5.1992819064433959e-01
    -1.3568390345742296e-02 -7.6337546472064219e+02
    -9.4941892018379946e+01 1.1083994433380119e+03
    -1.5412477459546331e-01 -5.3302295915262872e-02
    -1.6864256417039335e-02 -4.0372259490298643e+02
    -1.9886692664683298e+02 1.3366608099660207e+03
    -1.0106795117055649e-01 6.0233047862405920e-01
    4.5229699355084640e-02 -3.3208152645630577e+02
    -2.4319884944401721e+02 1.6203716465484895e+03
    -1.1966155815594325e-01 -6.6311590924143893e-01
    -1.0158900120769576e-01 -4.9910056606070179e+02
    -1.9476893044245901e+02 9.5120046404581240e+02
    -3.2507774562483556e-02 3.9074650319836390e-01
    -2.1084935252617398e-02 -1.7817242651290994e+02
    -2.3226095520642048e+02 1.3940406653323555e+03
    3.7829784999065222e-03 6.0365404582222237e-01
    -2.8235752608070288e-02 -1.6342526243413536e+02
    -1.6495507828142291e+02 1.4616380649109092e+03
    2.6775803625508465e-02 9.1923749251250531e-01 9.6434815887803775e-03
    -9.9218798373746566e+01 -1.6193134611200992e+02
    1.4847051367170257e+03 1.6985051172290935e-01 8.7349637607530572e-01
    8.4514778168986275e-03 -1.9382636680405324e+02
    -2.6384065622532006e+02 1.4906067983580658e+03
    7.4029380120052479e-01 4.9046777711300854e-01
    -1.9306309100990254e-01 -2.7320211220870783e+02
    -3.1229028766203436e+02 1.2467728112015352e+03
    5.8891326198628968e-01 5.3087933244741758e-02
    -1.1528680776800170e-01 -5.1766110547659662e+02
    -3.2812002613053892e+02 9.5338475518728592e+02
    5.0474082954203847e-01 -1.5574007211195079e-01
    -1.2446377851580613e-01 -6.2354739159091753e+02
    -2.0401083270586207e+02 7.8380782742106783e+02
    5.5972956567733989e-01 -1.2854729053989331e-01
    7.1302472197560141e-02 -5.6081384540293982e+02
    -2.5683680755142558e+02 7.6783647086651308e+02
    1.9578131617796843e-01 -1.1621371290940907e-01
    6.0953513492671869e-02 -5.1226868204411016e+02
    -3.6082987809085211e+02 9.4144323113800976e+02
    -5.6267087896893453e-01 1.3745297392811646e-02
    -1.8230313666561029e-01 -6.6051625548850325e+02
    -2.2617976123922028e+02 1.1407299733312786e+03
    -3.9016731049342307e-01 3.0219791803879986e-01
    2.9056315985920792e-02 -2.8487180982357393e+02
    -4.0493636170933604e+02 1.4400770626385290e+03
    -3.0296332845251006e-01 2.9034021306560948e-01
    2.5205972985997308e-02 -6.4539881847621564e+02
    -3.5231047250221906e+02 1.2705168388157415e+03
    -2.3840533908903161e-01 3.9491562391647911e-01
    3.7279630324717830e-02 -5.3186570405641078e+02
    -1.8285803729069357e+02 1.3487860632781787e+03
    -1.6309898433299674e-01 8.8385723207372557e-01
    1.4547586527251369e-01 -2.3156445684692477e+02
    -2.8931473050398330e+02 1.5304484893682293e+03</data></extrinsic_parameters>
