<?xml version="1.0"?>
<opencv_storage>
<CornersAmount>48</CornersAmount>
<Corner_0>
  408 446</Corner_0>
<Corner_1>
  391 446</Corner_1>
<Corner_2>
  374 446</Corner_2>
<Corner_3>
  357 446</Corner_3>
<Corner_4>
  340 446</Corner_4>
<Corner_5>
  323 446</Corner_5>
<Corner_6>
  306 446</Corner_6>
<Corner_7>
  289 447</Corner_7>
<Corner_8>
  406 440</Corner_8>
<Corner_9>
  389 440</Corner_9>
<Corner_10>
  372 440</Corner_10>
<Corner_11>
  356 440</Corner_11>
<Corner_12>
  339 440</Corner_12>
<Corner_13>
  323 440</Corner_13>
<Corner_14>
  306 440</Corner_14>
<Corner_15>
  290 441</Corner_15>
<Corner_16>
  404 434</Corner_16>
<Corner_17>
  388 434</Corner_17>
<Corner_18>
  372 434</Corner_18>
<Corner_19>
  356 434</Corner_19>
<Corner_20>
  340 434</Corner_20>
<Corner_21>
  324 434</Corner_21>
<Corner_22>
  308 434</Corner_22>
<Corner_23>
  292 435</Corner_23>
<Corner_24>
  403 428</Corner_24>
<Corner_25>
  387 428</Corner_25>
<Corner_26>
  371 428</Corner_26>
<Corner_27>
  355 428</Corner_27>
<Corner_28>
  340 428</Corner_28>
<Corner_29>
  324 428</Corner_29>
<Corner_30>
  308 428</Corner_30>
<Corner_31>
  293 429</Corner_31>
<Corner_32>
  401 422</Corner_32>
<Corner_33>
  385 422</Corner_33>
<Corner_34>
  370 422</Corner_34>
<Corner_35>
  355 422</Corner_35>
<Corner_36>
  340 422</Corner_36>
<Corner_37>
  325 422</Corner_37>
<Corner_38>
  310 422</Corner_38>
<Corner_39>
  295 423</Corner_39>
<Corner_40>
  400 416</Corner_40>
<Corner_41>
  385 416</Corner_41>
<Corner_42>
  370 416</Corner_42>
<Corner_43>
  355 416</Corner_43>
<Corner_44>
  341 416</Corner_44>
<Corner_45>
  326 416</Corner_45>
<Corner_46>
  311 416</Corner_46>
<Corner_47>
  297 417</Corner_47>
</opencv_storage>
