<?xml version="1.0"?>
<opencv_storage>
<CornersAmount>48</CornersAmount>
<Corner_0>
  297 416</Corner_0>
<Corner_1>
  311 416</Corner_1>
<Corner_2>
  326 416</Corner_2>
<Corner_3>
  341 416</Corner_3>
<Corner_4>
  355 416</Corner_4>
<Corner_5>
  370 416</Corner_5>
<Corner_6>
  385 416</Corner_6>
<Corner_7>
  400 416</Corner_7>
<Corner_8>
  295 422</Corner_8>
<Corner_9>
  310 422</Corner_9>
<Corner_10>
  325 422</Corner_10>
<Corner_11>
  340 422</Corner_11>
<Corner_12>
  355 422</Corner_12>
<Corner_13>
  370 422</Corner_13>
<Corner_14>
  385 422</Corner_14>
<Corner_15>
  401 422</Corner_15>
<Corner_16>
  294 428</Corner_16>
<Corner_17>
  309 428</Corner_17>
<Corner_18>
  325 428</Corner_18>
<Corner_19>
  340 428</Corner_19>
<Corner_20>
  356 428</Corner_20>
<Corner_21>
  371 428</Corner_21>
<Corner_22>
  387 428</Corner_22>
<Corner_23>
  403 428</Corner_23>
<Corner_24>
  292 434</Corner_24>
<Corner_25>
  308 434</Corner_25>
<Corner_26>
  324 434</Corner_26>
<Corner_27>
  340 434</Corner_27>
<Corner_28>
  356 434</Corner_28>
<Corner_29>
  372 434</Corner_29>
<Corner_30>
  388 434</Corner_30>
<Corner_31>
  404 434</Corner_31>
<Corner_32>
  291 440</Corner_32>
<Corner_33>
  307 440</Corner_33>
<Corner_34>
  323 440</Corner_34>
<Corner_35>
  340 440</Corner_35>
<Corner_36>
  356 440</Corner_36>
<Corner_37>
  373 440</Corner_37>
<Corner_38>
  389 440</Corner_38>
<Corner_39>
  406 440</Corner_39>
<Corner_40>
  290 447</Corner_40>
<Corner_41>
  306 447</Corner_41>
<Corner_42>
  323 447</Corner_42>
<Corner_43>
  340 447</Corner_43>
<Corner_44>
  357 447</Corner_44>
<Corner_45>
  374 447</Corner_45>
<Corner_46>
  391 447</Corner_46>
<Corner_47>
  408 447</Corner_47>
</opencv_storage>
