<?xml version="1.0"?>
<opencv_storage>
<covs0 type_id="opencv-matrix">
  <rows>3</rows>
  <cols>3</cols>
  <dt>d</dt>
  <data>
    1.9354217502637428e+02 0. 0. 0. 1.9354217502637428e+02 0. 0. 0.
    1.9354217502637428e+02</data></covs0>
<covs1 type_id="opencv-matrix">
  <rows>3</rows>
  <cols>3</cols>
  <dt>d</dt>
  <data>
    5.6461123639317009e+01 0. 0. 0. 5.6461123639317009e+01 0. 0. 0.
    5.6461123639317009e+01</data></covs1>
<covs2 type_id="opencv-matrix">
  <rows>3</rows>
  <cols>3</cols>
  <dt>d</dt>
  <data>
    3.8252887264539686e+02 0. 0. 0. 3.8252887264539686e+02 0. 0. 0.
    3.8252887264539686e+02</data></covs2>
</opencv_storage>
