<?xml version="1.0"?>
<opencv_storage>
<means type_id="opencv-matrix">
  <rows>3</rows>
  <cols>3</cols>
  <dt>d</dt>
  <data>
    1.0557789077916635e+02 9.9952380602580376e+01 3.1384228749265692e+01
    8.6239646943243059e+01 4.5743620753947532e+01 1.4362556998931814e+02
    1.0204914103795568e+02 1.3200300692336199e+02 3.0491016155767205e+01</data></means>
</opencv_storage>
