<?xml version="1.0"?>
<opencv_storage>
<means type_id="opencv-matrix">
  <rows>3</rows>
  <cols>3</cols>
  <dt>d</dt>
  <data>
    1.0677193787425161e+02 3.6781056060621161e+01 1.0649899883939592e+02
    1.0719851136414546e+02 5.0435581257112084e+01 7.1513710378263667e+01
    9.4467150870415566e+01 9.8010534397001933e+01 7.4947604743701561e+01</data></means>
</opencv_storage>
