<?xml version="1.0"?>
<opencv_storage>
<covs0 type_id="opencv-matrix">
  <rows>3</rows>
  <cols>3</cols>
  <dt>d</dt>
  <data>
    9.3345184410107848e+01 0. 0. 0. 9.3345184410107848e+01 0. 0. 0.
    9.3345184410107848e+01</data></covs0>
<covs1 type_id="opencv-matrix">
  <rows>3</rows>
  <cols>3</cols>
  <dt>d</dt>
  <data>
    1.0161005171475167e+03 0. 0. 0. 1.0161005171475167e+03 0. 0. 0.
    1.0161005171475167e+03</data></covs1>
<covs2 type_id="opencv-matrix">
  <rows>3</rows>
  <cols>3</cols>
  <dt>d</dt>
  <data>
    2.7241524075713778e+02 0. 0. 0. 2.7241524075713778e+02 0. 0. 0.
    2.7241524075713778e+02</data></covs2>
</opencv_storage>
