<?xml version="1.0"?>
<opencv_storage>
<CornersAmount>48</CornersAmount>
<Corner_0>
  357 302</Corner_0>
<Corner_1>
  367 304</Corner_1>
<Corner_2>
  377 307</Corner_2>
<Corner_3>
  387 310</Corner_3>
<Corner_4>
  398 313</Corner_4>
<Corner_5>
  408 316</Corner_5>
<Corner_6>
  418 319</Corner_6>
<Corner_7>
  429 322</Corner_7>
<Corner_8>
  348 305</Corner_8>
<Corner_9>
  358 307</Corner_9>
<Corner_10>
  368 310</Corner_10>
<Corner_11>
  378 313</Corner_11>
<Corner_12>
  389 316</Corner_12>
<Corner_13>
  399 319</Corner_13>
<Corner_14>
  409 322</Corner_14>
<Corner_15>
  420 325</Corner_15>
<Corner_16>
  339 308</Corner_16>
<Corner_17>
  349 311</Corner_17>
<Corner_18>
  359 314</Corner_18>
<Corner_19>
  370 317</Corner_19>
<Corner_20>
  380 320</Corner_20>
<Corner_21>
  391 323</Corner_21>
<Corner_22>
  401 326</Corner_22>
<Corner_23>
  412 329</Corner_23>
<Corner_24>
  330 311</Corner_24>
<Corner_25>
  340 314</Corner_25>
<Corner_26>
  351 317</Corner_26>
<Corner_27>
  361 320</Corner_27>
<Corner_28>
  372 323</Corner_28>
<Corner_29>
  382 326</Corner_29>
<Corner_30>
  393 329</Corner_30>
<Corner_31>
  404 333</Corner_31>
<Corner_32>
  321 314</Corner_32>
<Corner_33>
  331 317</Corner_33>
<Corner_34>
  342 320</Corner_34>
<Corner_35>
  353 323</Corner_35>
<Corner_36>
  363 327</Corner_36>
<Corner_37>
  374 330</Corner_37>
<Corner_38>
  385 333</Corner_38>
<Corner_39>
  396 337</Corner_39>
<Corner_40>
  313 318</Corner_40>
<Corner_41>
  323 321</Corner_41>
<Corner_42>
  334 324</Corner_42>
<Corner_43>
  345 327</Corner_43>
<Corner_44>
  355 331</Corner_44>
<Corner_45>
  366 334</Corner_45>
<Corner_46>
  377 337</Corner_46>
<Corner_47>
  388 341</Corner_47>
</opencv_storage>
