<?xml version="1.0"?>
<opencv_storage>
<CornersAmount>48</CornersAmount>
<Corner_0>
  316 306</Corner_0>
<Corner_1>
  325 311</Corner_1>
<Corner_2>
  335 316</Corner_2>
<Corner_3>
  345 321</Corner_3>
<Corner_4>
  355 326</Corner_4>
<Corner_5>
  365 331</Corner_5>
<Corner_6>
  375 336</Corner_6>
<Corner_7>
  385 342</Corner_7>
<Corner_8>
  305 310</Corner_8>
<Corner_9>
  314 315</Corner_9>
<Corner_10>
  324 320</Corner_10>
<Corner_11>
  334 326</Corner_11>
<Corner_12>
  343 331</Corner_12>
<Corner_13>
  353 337</Corner_13>
<Corner_14>
  363 342</Corner_14>
<Corner_15>
  373 348</Corner_15>
<Corner_16>
  294 314</Corner_16>
<Corner_17>
  303 319</Corner_17>
<Corner_18>
  313 325</Corner_18>
<Corner_19>
  322 331</Corner_19>
<Corner_20>
  332 336</Corner_20>
<Corner_21>
  341 342</Corner_21>
<Corner_22>
  351 348</Corner_22>
<Corner_23>
  361 354</Corner_23>
<Corner_24>
  283 319</Corner_24>
<Corner_25>
  292 324</Corner_25>
<Corner_26>
  302 330</Corner_26>
<Corner_27>
  311 336</Corner_27>
<Corner_28>
  321 342</Corner_28>
<Corner_29>
  330 348</Corner_29>
<Corner_30>
  340 354</Corner_30>
<Corner_31>
  350 360</Corner_31>
<Corner_32>
  272 323</Corner_32>
<Corner_33>
  281 329</Corner_33>
<Corner_34>
  290 335</Corner_34>
<Corner_35>
  300 341</Corner_35>
<Corner_36>
  309 347</Corner_36>
<Corner_37>
  319 353</Corner_37>
<Corner_38>
  328 359</Corner_38>
<Corner_39>
  338 366</Corner_39>
<Corner_40>
  261 328</Corner_40>
<Corner_41>
  270 334</Corner_41>
<Corner_42>
  279 340</Corner_42>
<Corner_43>
  289 346</Corner_43>
<Corner_44>
  298 353</Corner_44>
<Corner_45>
  308 359</Corner_45>
<Corner_46>
  317 365</Corner_46>
<Corner_47>
  327 372</Corner_47>
</opencv_storage>
