<?xml version="1.0"?>
<opencv_storage>
<CornersAmount>48</CornersAmount>
<Corner_0>
  252 363</Corner_0>
<Corner_1>
  260 357</Corner_1>
<Corner_2>
  269 352</Corner_2>
<Corner_3>
  278 346</Corner_3>
<Corner_4>
  287 341</Corner_4>
<Corner_5>
  296 335</Corner_5>
<Corner_6>
  305 330</Corner_6>
<Corner_7>
  314 325</Corner_7>
<Corner_8>
  263 367</Corner_8>
<Corner_9>
  271 361</Corner_9>
<Corner_10>
  280 355</Corner_10>
<Corner_11>
  289 350</Corner_11>
<Corner_12>
  298 344</Corner_12>
<Corner_13>
  307 339</Corner_13>
<Corner_14>
  316 333</Corner_14>
<Corner_15>
  325 328</Corner_15>
<Corner_16>
  274 372</Corner_16>
<Corner_17>
  282 366</Corner_17>
<Corner_18>
  291 360</Corner_18>
<Corner_19>
  300 354</Corner_19>
<Corner_20>
  309 349</Corner_20>
<Corner_21>
  318 343</Corner_21>
<Corner_22>
  327 337</Corner_22>
<Corner_23>
  336 332</Corner_23>
<Corner_24>
  286 377</Corner_24>
<Corner_25>
  294 371</Corner_25>
<Corner_26>
  303 365</Corner_26>
<Corner_27>
  312 359</Corner_27>
<Corner_28>
  320 353</Corner_28>
<Corner_29>
  329 347</Corner_29>
<Corner_30>
  338 341</Corner_30>
<Corner_31>
  347 335</Corner_31>
<Corner_32>
  297 382</Corner_32>
<Corner_33>
  305 375</Corner_33>
<Corner_34>
  314 369</Corner_34>
<Corner_35>
  323 363</Corner_35>
<Corner_36>
  331 357</Corner_36>
<Corner_37>
  340 351</Corner_37>
<Corner_38>
  349 345</Corner_38>
<Corner_39>
  358 339</Corner_39>
<Corner_40>
  309 387</Corner_40>
<Corner_41>
  317 380</Corner_41>
<Corner_42>
  326 374</Corner_42>
<Corner_43>
  334 368</Corner_43>
<Corner_44>
  343 361</Corner_44>
<Corner_45>
  351 355</Corner_45>
<Corner_46>
  360 349</Corner_46>
<Corner_47>
  369 343</Corner_47>
</opencv_storage>
