<?xml version="1.0"?>
<opencv_storage>
<positions type_id="opencv-matrix">
  <rows>2723</rows>
  <cols>1</cols>
  <dt>"2f"</dt>
  <data>
    -3.20492249e+01 -1.68168335e+02 1.70260010e+01 2.08383713e+02
    -3.21197739e+01 -1.68142685e+02 -3.21185875e+01 -1.68675644e+02
    -3.18755913e+01 -1.68800735e+02 -3.17406235e+01 -1.68348999e+02
    -3.13273258e+01 -1.68653748e+02 -3.13136940e+01 -1.68528778e+02
    -3.12905331e+01 -1.68719864e+02 -3.13637924e+01 -1.68480957e+02
    -3.19945450e+01 -1.68534668e+02 -3.14438534e+01 -1.68339722e+02
    -3.11127281e+01 -1.68696228e+02 -3.09770737e+01 -1.68691559e+02
    -3.11297569e+01 -1.68579147e+02 -3.13376560e+01 -1.68828232e+02
    -3.13554611e+01 -1.68334335e+02 -3.13304443e+01 -1.68535767e+02
    -3.11533146e+01 -1.68378021e+02 -3.10234318e+01 -1.68292664e+02
    -3.13473244e+01 -1.68198486e+02 -3.09078064e+01 -1.68227615e+02
    -3.06638317e+01 -1.67907639e+02 -3.08518238e+01 -1.67903702e+02
    -3.01992264e+01 -1.67533722e+02 -3.00354824e+01 -1.67989304e+02
    -3.04397392e+01 -1.67201523e+02 -2.99674759e+01 -1.66762421e+02
    -2.97278976e+01 -1.66645294e+02 -2.98056927e+01 -1.66228958e+02
    -2.96376171e+01 -1.65489288e+02 -2.91746826e+01 -1.64828201e+02
    -2.85478287e+01 -1.64869934e+02 -2.78321819e+01 -1.64625809e+02
    -2.76279964e+01 -1.64163147e+02 -2.73186703e+01 -1.64270737e+02
    -2.61067524e+01 -1.64399673e+02 -2.69411621e+01 -1.63378693e+02
    -2.56223793e+01 -1.64124237e+02 -2.53386002e+01 -1.62856766e+02
    -2.50808105e+01 -1.62728622e+02 -2.35466175e+01 -1.61409012e+02
    -2.33840752e+01 -1.60898209e+02 -2.33757877e+01 -1.59144348e+02
    -2.12240601e+01 -1.58709137e+02 -1.97146988e+01 -1.57786453e+02
    -1.99539509e+01 -1.55649231e+02 -1.93130188e+01 -1.52363602e+02
    -1.63567219e+01 -1.50059891e+02 -1.65678005e+01 -1.47291351e+02
    -1.48698845e+01 -1.46689606e+02 -1.20638866e+01 -1.43204849e+02
    -1.07414370e+01 -1.41920929e+02 -9.55891228e+00 -1.39254883e+02
    -4.95579672e+00 -1.38662704e+02 -3.44035363e+00 -1.35503296e+02
    -7.40647197e-01 -1.33189575e+02 3.81592298e+00 -1.30755737e+02
    6.93619156e+00 -1.29249191e+02 1.15890627e+01 -1.26810547e+02
    1.79888592e+01 -1.23088280e+02 2.20313759e+01 -1.20462006e+02
    2.65744286e+01 -1.17418854e+02 3.44169655e+01 -1.13448296e+02
    4.02281761e+01 -1.12070869e+02 4.57921371e+01 -1.10728050e+02
    5.31044350e+01 -1.10274254e+02 5.66062431e+01 -1.09738571e+02
    6.43365936e+01 -1.07283463e+02 7.57857590e+01 -1.06383705e+02
    8.02421875e+01 -1.02724243e+02 9.10901642e+01 -1.00914398e+02
    1.05491852e+02 -9.95414124e+01 1.14269135e+02 -9.65647583e+01
    1.28741684e+02 -9.50972748e+01 1.44134872e+02 -9.30434494e+01
    1.59163895e+02 -8.79345932e+01 1.76827042e+02 -8.44687653e+01
    1.94747726e+02 -7.41115189e+01 2.10515625e+02 -6.84623489e+01
    2.27518097e+02 -6.06976280e+01 2.48061432e+02 -4.98902626e+01
    2.63734650e+02 -4.11591225e+01 2.79121429e+02 -3.88419037e+01
    2.96252258e+02 -2.67658768e+01 3.09608917e+02 -2.37840443e+01
    3.22311096e+02 -1.96175060e+01 3.32940491e+02 -1.78313427e+01
    3.47395386e+02 -1.04039946e+01 3.56897400e+02 -1.22594481e+01
    3.67700134e+02 -9.58231354e+00 3.81882446e+02 7.84121513e-01
    3.87293274e+02 5.45798349e+00 3.99783569e+02 1.23698912e+01
    4.10336395e+02 1.90341053e+01 4.22770630e+02 3.16338196e+01
    4.34401581e+02 3.75932465e+01 4.44095001e+02 4.77867012e+01
    4.54668640e+02 5.89041634e+01 4.69228210e+02 7.04970856e+01
    4.77514008e+02 8.17769394e+01 4.87679718e+02 9.44083099e+01
    4.96719482e+02 1.02686142e+02 5.05795441e+02 1.07876297e+02
    5.16852051e+02 1.20965637e+02 5.25125549e+02 1.30285995e+02
    5.36055542e+02 1.47906433e+02 5.45516235e+02 1.60947037e+02
    5.56366028e+02 1.79830078e+02 5.63786194e+02 1.93901596e+02
    5.74321716e+02 2.10906693e+02 5.83354858e+02 2.30443741e+02
    5.92348145e+02 2.44644440e+02 5.99378906e+02 2.61265900e+02
    6.04622498e+02 2.77158081e+02 6.07640198e+02 2.87169769e+02
    6.13916199e+02 3.01952301e+02 6.21539490e+02 3.14081238e+02
    6.26061523e+02 3.23539917e+02 6.29109009e+02 3.38393829e+02
    6.34870056e+02 3.50266052e+02 6.38858765e+02 3.61985992e+02
    6.39337402e+02 3.75029510e+02 6.44370544e+02 3.88115601e+02
    6.45283264e+02 4.00443878e+02 6.47988708e+02 4.12450867e+02
    6.53582642e+02 4.22639313e+02 6.56547607e+02 4.34413696e+02
    6.56896301e+02 4.47297943e+02 6.57749390e+02 4.58769287e+02
    6.59260803e+02 4.70398773e+02 6.58491089e+02 4.81132538e+02
    6.59525940e+02 4.94009766e+02 6.60649780e+02 5.07865997e+02
    6.58356995e+02 5.19677307e+02 6.62710999e+02 5.37356567e+02
    6.63234314e+02 5.48381470e+02 6.67416748e+02 5.66074402e+02
    6.73006836e+02 5.84604004e+02 6.76253479e+02 5.99914673e+02
    6.72737488e+02 6.10622986e+02 6.74265015e+02 6.25380005e+02
    6.74866516e+02 6.39122559e+02 6.75122559e+02 6.55754089e+02
    6.79994873e+02 6.77713989e+02 6.80012207e+02 6.97888428e+02
    6.82282410e+02 7.18157593e+02 6.86127502e+02 7.36984619e+02
    6.88978516e+02 7.60618896e+02 6.91971924e+02 7.81691833e+02
    6.95980347e+02 8.06724060e+02 7.00591187e+02 8.31511414e+02
    7.04704468e+02 8.48524414e+02 7.07739075e+02 8.66608276e+02
    7.10111755e+02 8.83168152e+02 7.05223999e+02 8.96602173e+02
    7.06881653e+02 9.12189758e+02 7.03611633e+02 9.35850098e+02
    7.04486755e+02 9.62247375e+02 7.00570984e+02 9.89903931e+02
    7.04621582e+02 1.01397058e+03 7.05632141e+02 1.04013037e+03
    6.99975159e+02 1.06316968e+03 6.99704712e+02 1.08023706e+03
    6.99820862e+02 1.10183582e+03 6.95515137e+02 1.12509985e+03
    6.92105408e+02 1.15413611e+03 6.90129639e+02 1.17748840e+03
    6.81004761e+02 1.20765015e+03 6.70790222e+02 1.24365662e+03
    6.63496826e+02 1.27221216e+03 6.56748779e+02 1.29737622e+03
    6.48661682e+02 1.32214075e+03 6.42889465e+02 1.33798413e+03
    6.33241516e+02 1.35367493e+03 6.23195557e+02 1.36698743e+03
    6.18051880e+02 1.37625916e+03 6.02961243e+02 1.38905859e+03
    5.93535400e+02 1.40064880e+03 5.86425476e+02 1.41041260e+03
    5.75549561e+02 1.42445447e+03 5.68361633e+02 1.43794263e+03
    5.61966492e+02 1.45031018e+03 5.53290344e+02 1.46553699e+03
    5.44935120e+02 1.47441162e+03 5.36859680e+02 1.48383447e+03
    5.27037903e+02 1.49665039e+03 5.17212708e+02 1.50826697e+03
    5.09683014e+02 1.51718823e+03 5.00858643e+02 1.53042041e+03
    4.88978333e+02 1.54294678e+03 4.81249756e+02 1.55168823e+03
    4.61484558e+02 1.56989563e+03 4.57202484e+02 1.57815063e+03
    4.45238129e+02 1.58751538e+03 4.25445892e+02 1.60094299e+03
    4.10364594e+02 1.61296985e+03 3.96027863e+02 1.62536377e+03
    3.79270874e+02 1.64019214e+03 3.61080109e+02 1.65696460e+03
    3.42225800e+02 1.66862292e+03 3.30667877e+02 1.68043640e+03
    3.17661346e+02 1.69543896e+03 2.96441803e+02 1.71143408e+03
    2.74720337e+02 1.73174988e+03 2.56364624e+02 1.75010645e+03
    2.41790405e+02 1.76011780e+03 2.18997665e+02 1.78066553e+03
    1.96093430e+02 1.79615942e+03 1.82390137e+02 1.80692932e+03
    1.63132782e+02 1.82451770e+03 1.42704468e+02 1.84042444e+03
    1.24707527e+02 1.84673230e+03 1.09870880e+02 1.85460083e+03
    9.66678162e+01 1.86159802e+03 8.11259155e+01 1.86889746e+03
    6.51158066e+01 1.87988000e+03 5.32276573e+01 1.88703052e+03
    4.20006599e+01 1.88841931e+03 2.67105083e+01 1.89632483e+03
    1.63597717e+01 1.89697510e+03 3.57225442e+00 1.89872498e+03
    -1.29165611e+01 1.90496729e+03 -2.17679787e+01 1.90283179e+03
    -3.73117371e+01 1.90330029e+03 -5.07215805e+01 1.89859241e+03
    -5.87227135e+01 1.89711218e+03 -7.21376572e+01 1.89006567e+03
    -8.78223419e+01 1.88628967e+03 -9.71167068e+01 1.87716626e+03
    -1.13867432e+02 1.87716272e+03 -1.28587357e+02 1.86984961e+03
    -1.38996201e+02 1.86801868e+03 -1.53130493e+02 1.86312341e+03
    -1.62433487e+02 1.85349878e+03 -1.76601166e+02 1.84774927e+03
    -1.85846512e+02 1.83583240e+03 -2.00354126e+02 1.82874292e+03
    -2.13868195e+02 1.82580933e+03 -2.29420929e+02 1.81652075e+03
